1	41 
2	96 
3	60 
4	122 
5	137 
6	187 
7	144 
8	182 
9	10 
10	119 
11	190 
12	74 
13	37 
14	5 
15	14 
16	41 
17	192 
18	3 
19	108 
20	75 
21	83 
22	62 
23	178 
24	213 
25	162 
26	20 
27	124 
28	79 
29	192 
30	154 
31	38 
32	51 
33	181 
34	1 
35	137 
36	25 
37	75 
38	124 
39	38 
40	189 
41	6 
42	90 
43	208 
44	145 
45	80 
46	33 
47	21 
48	122 
49	158 
50	61 
51	79 
52	148 
53	134 
54	90 
55	122 
56	79 
57	167 
58	194 
59	21 
60	59 
61	18 
62	187 
63	119 
64	198 
65	142 
66	20 
67	63 
68	204 
69	201 
70	187 
71	63 
72	37 
73	71 
74	129 
75	192 
76	10 
77	159 
78	111 
79	127 
80	212 
81	58 
82	101 
83	67 
84	160 
85	43 
86	185 
87	67 
88	46 
89	193 
90	147 
91	124 
92	101 
93	109 
94	113 
95	167 
96	110 
97	169 
98	111 
99	75 
100	110 
101	119 
102	151 
103	90 
104	83 
105	195 
106	101 
107	5 
108	41 
109	79 
110	67 
111	74 
112	207 
113	14 
114	69 
115	55 
116	81 
117	2 
118	66 
119	124 
120	5 
121	86 
122	33 
123	133 
124	38 
125	185 
126	16 
127	158 
128	90 
129	155 
130	76 
131	14 
132	58 
133	57 
134	81 
135	83 
136	121 
137	147 
138	141 
139	181 
140	91 
141	140 
142	3 
143	149 
144	9 
145	107 
146	16 
147	190 
148	136 
149	136 
150	75 
151	124 
152	199 
153	38 
154	166 
155	175 
156	57 
157	165 
158	199 
159	186 
160	202 
161	181 
162	120 
163	124 
164	146 
165	18 
166	47 
167	158 
168	154 
169	110 
170	109 
171	187 
172	158 
173	209 
174	56 
175	113 
176	116 
177	116 
178	25 
179	57 
180	197 
181	123 
182	157 
183	72 
184	63 
185	4 
186	33 
187	16 
188	96 
189	70 
190	63 
191	25 
192	82 
193	44 
194	140 
195	77 
196	136 
197	169 
198	213 
199	66 
200	163 
201	133 
202	136 
203	107 
204	212 
205	75 
206	73 
207	129 
208	9 
209	51 
210	180 
211	33 
212	211 
213	121 
214	85 
215	212 
216	113 
217	67 
218	11 
219	50 
220	93 
221	201 
222	83 
223	1 
224	214 
225	71 
226	42 
227	75 
228	81 
229	50 
230	188 
231	116 
232	201 
233	75 
234	143 
235	3 
236	53 
237	201 
238	133 
239	79 
240	11 
241	154 
242	84 
243	139 
244	111 
245	201 
246	126 
247	195 
248	130 
249	115 
250	33 
251	121 
252	75 
253	209 
254	39 
255	169 
256	122 
257	123 
258	174 
259	50 
260	79 
261	4 
262	60 
263	204 
264	44 
265	91 
266	158 
267	74 
268	136 
269	75 
270	147 
271	147 
272	158 
273	67 
274	133 
275	111 
276	1 
277	76 
278	145 
279	53 
280	194 
281	211 
282	121 
283	30 
284	193 
285	81 
286	67 
287	159 
288	34 
289	137 
290	154 
291	105 
292	187 
293	147 
294	37 
295	45 
296	140 
297	212 
298	62 
299	72 
300	161 
301	212 
302	172 
303	192 
304	81 
305	171 
306	205 
307	158 
308	187 
309	136 
310	50 
311	41 
312	124 
313	182 
314	189 
315	192 
316	149 
317	64 
318	167 
319	32 
320	63 
321	206 
322	187 
323	107 
324	3 
325	191 
326	56 
327	103 
328	67 
329	187 
330	61 
331	137 
332	146 
333	211 
334	84 
335	19 
336	187 
337	71 
338	113 
339	154 
340	139 
341	202 
342	82 
343	188 
344	189 
345	185 
346	111 
347	185 
348	107 
349	176 
350	68 
351	165 
352	45 
353	63 
354	27 
355	42 
356	83 
357	158 
358	11 
359	66 
360	40 
361	149 
362	11 
363	25 
364	12 
365	199 
366	192 
367	75 
368	141 
369	136 
370	80 
371	79 
372	5 
373	159 
374	62 
375	153 
376	182 
377	133 
378	107 
379	62 
380	209 
381	3 
382	113 
383	79 
384	71 
385	33 
386	212 
387	129 
388	75 
389	61 
390	182 
391	81 
392	124 
393	205 
394	1 
395	193 
396	185 
397	201 
398	207 
399	172 
400	98 
401	56 
402	143 
403	91 
404	169 
405	75 
406	112 
407	19 
408	81 
409	38 
410	158 
411	189 
412	187 
413	107 
414	33 
415	149 
416	185 
417	63 
418	56 
419	190 
420	174 
421	67 
422	37 
423	75 
424	97 
425	40 
426	132 
427	147 
428	119 
429	63 
430	154 
431	49 
432	147 
433	95 
434	60 
435	75 
436	81 
437	124 
438	133 
439	122 
440	72 
441	141 
442	17 
443	158 
444	167 
445	51 
446	88 
447	5 
448	10 
449	187 
450	94 
451	16 
452	116 
453	198 
454	210 
455	107 
456	63 
457	176 
458	74 
459	211 
460	68 
461	25 
462	177 
463	57 
464	113 
465	88 
466	81 
467	10 
468	84 
469	155 
470	209 
471	110 
472	83 
473	16 
474	75 
475	63 
476	16 
477	58 
478	9 
479	88 
480	132 
481	71 
482	158 
483	11 
484	63 
485	154 
486	83 
487	187 
488	115 
489	32 
490	192 
491	167 
492	41 
493	110 
494	43 
495	71 
496	181 
497	75 
498	133 
499	56 
500	46 
501	39 
502	92 
503	152 
504	94 
505	133 
506	38 
507	116 
508	181 
509	137 
510	10 
511	127 
512	63 
513	201 
514	40 
515	180 
516	103 
517	9 
518	89 
519	17 
520	10 
521	86 
522	212 
523	89 
524	55 
525	111 
526	154 
527	142 
528	203 
529	133 
530	133 
531	34 
532	179 
533	63 
534	192 
535	154 
536	133 
537	201 
538	123 
539	115 
540	107 
541	79 
542	37 
543	202 
544	72 
545	105 
546	192 
547	80 
548	125 
549	33 
550	86 
551	129 
552	86 
553	156 
554	154 
555	143 
556	5 
557	57 
558	141 
559	181 
560	51 
561	20 
562	187 
563	63 
564	88 
565	124 
566	91 
567	122 
568	190 
569	77 
570	62 
571	81 
572	187 
573	192 
574	208 
575	187 
576	25 
577	74 
578	159 
579	72 
580	192 
581	119 
582	84 
583	143 
584	121 
585	132 
586	17 
587	181 
588	39 
589	157 
590	197 
591	161 
592	153 
593	63 
594	124 
595	143 
596	40 
597	158 
598	211 
599	156 
600	105 
601	67 
602	47 
603	180 
604	121 
605	119 
606	161 
607	127 
608	156 
609	122 
610	123 
611	165 
612	53 
613	154 
614	204 
615	11 
616	153 
617	83 
618	107 
619	38 
620	192 
621	169 
622	202 
623	187 
624	67 
625	81 
626	136 
627	81 
628	204 
629	122 
630	9 
631	127 
632	119 
633	177 
634	108 
635	176 
636	206 
637	172 
638	58 
639	64 
640	141 
641	129 
642	46 
643	157 
644	15 
645	143 
646	116 
647	200 
648	37 
649	111 
650	107 
651	187 
652	147 
653	30 
654	187 
655	81 
656	116 
657	3 
658	190 
659	168 
660	188 
661	133 
662	58 
663	126 
664	74 
665	25 
666	205 
667	67 
668	154 
669	15 
670	114 
671	33 
672	81 
673	39 
674	75 
675	47 
676	187 
677	131 
678	143 
679	17 
680	30 
681	130 
682	178 
683	5 
684	171 
685	178 
686	64 
687	67 
688	211 
689	201 
690	37 
691	114 
692	177 
693	11 
694	83 
695	146 
696	199 
697	98 
698	106 
699	83 
700	67 
701	59 
702	51 
703	37 
704	81 
705	191 
706	113 
707	150 
708	3 
709	81 
710	159 
711	38 
712	88 
713	196 
714	181 
715	175 
716	86 
717	154 
718	56 
719	58 
720	165 
721	95 
722	61 
723	173 
724	39 
725	33 
726	111 
727	147 
728	49 
729	131 
730	58 
731	21 
732	119 
733	123 
734	88 
735	136 
736	75 
737	5 
738	198 
739	62 
740	173 
741	120 
742	181 
743	91 
744	50 
745	91 
746	82 
747	25 
748	81 
749	33 
750	67 
751	71 
752	119 
753	65 
754	195 
755	159 
756	159 
757	79 
758	177 
759	31 
760	105 
761	24 
762	168 
763	192 
764	111 
765	139 
766	169 
767	181 
768	98 
769	198 
770	133 
771	91 
772	63 
773	69 
774	76 
775	145 
776	36 
777	80 
778	180 
779	126 
780	50 
781	84 
782	196 
783	23 
784	80 
785	121 
786	63 
787	37 
788	136 
789	12 
790	16 
791	119 
792	166 
793	159 
794	134 
795	16 
796	174 
797	3 
798	211 
799	1 
800	3 
801	33 
802	13 
803	121 
804	14 
805	182 
806	213 
807	102 
808	158 
809	17 
810	136 
811	133 
812	75 
813	9 
814	190 
815	181 
816	159 
817	143 
818	9 
819	69 
820	16 
821	10 
822	14 
823	91 
824	89 
825	181 
826	86 
827	146 
828	51 
829	124 
830	133 
831	188 
832	206 
833	74 
834	67 
835	184 
836	76 
837	181 
838	202 
839	154 
840	52 
841	115 
842	39 
843	63 
844	165 
845	107 
846	116 
847	81 
848	16 
849	71 
850	136 
851	59 
852	79 
853	179 
854	173 
855	190 
856	71 
857	91 
858	159 
859	81 
860	181 
861	5 
862	62 
863	116 
864	158 
865	55 
866	157 
867	81 
868	204 
869	3 
870	116 
871	203 
872	201 
873	155 
874	81 
875	194 
876	142 
877	170 
878	129 
879	1 
880	201 
881	115 
882	163 
883	192 
884	12 
885	29 
886	75 
887	56 
888	115 
889	9 
890	122 
891	154 
892	20 
893	107 
894	48 
895	91 
896	136 
897	85 
898	212 
899	1 
900	124 
901	158 
902	146 
903	162 
904	185 
905	104 
906	202 
907	121 
908	17 
909	133 
910	149 
911	79 
912	124 
913	153 
914	44 
915	201 
916	67 
917	81 
918	25 
919	187 
920	154 
921	187 
922	207 
923	71 
924	116 
925	63 
926	159 
927	167 
928	184 
929	133 
930	45 
931	38 
932	111 
933	45 
934	13 
935	119 
936	37 
937	77 
938	134 
939	139 
940	149 
941	100 
942	67 
943	144 
944	173 
945	187 
946	4 
947	126 
948	77 
949	205 
950	111 
951	124 
952	139 
953	187 
954	59 
955	146 
956	180 
957	76 
958	36 
959	172 
960	61 
961	146 
962	198 
963	182 
964	146 
965	75 
966	5 
967	38 
968	11 
969	114 
970	76 
971	80 
972	201 
973	25 
974	63 
975	114 
976	159 
977	111 
978	63 
979	170 
980	158 
981	117 
982	77 
983	30 
984	78 
985	159 
986	107 
987	68 
988	119 
989	192 
990	133 
991	123 
992	33 
993	110 
994	71 
995	147 
996	91 
997	58 
998	116 
999	196 
1000	196 
1001	105 
1002	149 
1003	20 
1004	91 
1005	143 
1006	171 
1007	192 
1008	187 
1009	17 
1010	181 
1011	157 
1012	199 
1013	74 
1014	84 
1015	121 
1016	146 
1017	159 
1018	147 
1019	20 
1020	156 
1021	107 
1022	75 
1023	17 
1024	33 
1025	187 
1026	111 
1027	38 
1028	211 
1029	57 
1030	129 
1031	67 
1032	124 
1033	107 
1034	37 
1035	31 
1036	104 
1037	46 
1038	136 
1039	56 
1040	116 
1041	56 
1042	156 
1043	213 
1044	123 
1045	38 
1046	75 
1047	157 
1048	194 
1049	154 
1050	46 
1051	72 
1052	84 
1053	33 
1054	95 
1055	158 
1056	83 
1057	115 
1058	127 
1059	1 
1060	11 
1061	17 
1062	20 
1063	83 
1064	157 
1065	81 
1066	157 
1067	116 
1068	139 
1069	139 
1070	149 
1071	16 
1072	20 
1073	75 
1074	39 
1075	72 
1076	136 
1077	119 
1078	25 
1079	124 
1080	1 
1081	121 
1082	40 
1083	63 
1084	62 
1085	211 
1086	198 
1087	136 
1088	180 
1089	57 
1090	38 
1091	84 
1092	118 
1093	9 
1094	208 
1095	3 
1096	122 
1097	122 
1098	116 
1099	111 
1100	11 
1101	56 
1102	1 
1103	69 
1104	122 
1105	154 
1106	123 
1107	110 
1108	121 
1109	126 
1110	38 
1111	5 
1112	66 
1113	111 
1114	83 
1115	210 
1116	38 
1117	83 
1118	106 
1119	192 
1120	129 
1121	209 
1122	187 
1123	48 
1124	83 
1125	74 
1126	81 
1127	87 
1128	111 
1129	29 
1130	67 
1131	198 
1132	90 
1133	189 
1134	107 
1135	136 
1136	122 
1137	75 
1138	147 
1139	158 
1140	58 
1141	124 
1142	16 
1143	133 
1144	126 
1145	125 
1146	91 
1147	66 
1148	81 
1149	142 
1150	192 
1151	124 
1152	136 
1153	75 
1154	211 
1155	126 
1156	209 
1157	159 
1158	187 
1159	9 
1160	43 
1161	102 
1162	96 
1163	73 
1164	84 
1165	170 
1166	63 
1167	38 
1168	41 
1169	113 
1170	41 
1171	122 
1172	188 
1173	158 
1174	205 
1175	81 
1176	57 
1177	210 
1178	74 
1179	1 
1180	138 
1181	113 
1182	189 
1183	116 
1184	213 
1185	7 
1186	140 
1187	201 
1188	154 
1189	42 
1190	91 
1191	148 
1192	116 
1193	129 
1194	199 
1195	75 
1196	13 
1197	5 
1198	136 
1199	190 
1200	101 
1201	23 
1202	44 
1203	56 
1204	116 
1205	50 
1206	37 
1207	173 
1208	103 
1209	187 
1210	59 
1211	102 
1212	116 
1213	131 
1214	187 
1215	76 
1216	101 
1217	62 
1218	157 
1219	138 
1220	167 
1221	11 
1222	11 
1223	157 
1224	165 
1225	17 
1226	99 
1227	180 
1228	122 
1229	1 
1230	111 
1231	124 
1232	89 
1233	67 
1234	129 
1235	124 
1236	79 
1237	63 
1238	121 
1239	87 
1240	191 
1241	113 
1242	1 
1243	212 
1244	1 
1245	120 
1246	85 
1247	73 
1248	69 
1249	40 
1250	16 
1251	198 
1252	190 
1253	170 
1254	67 
1255	195 
1256	1 
1257	37 
1258	25 
1259	74 
1260	79 
1261	16 
1262	201 
1263	170 
1264	136 
1265	84 
1266	79 
1267	119 
1268	123 
1269	209 
1270	177 
1271	126 
1272	25 
1273	63 
1274	81 
1275	10 
1276	124 
1277	24 
1278	170 
1279	28 
1280	33 
1281	80 
1282	46 
1283	133 
1284	56 
1285	133 
1286	180 
1287	81 
1288	17 
1289	105 
1290	106 
1291	51 
1292	16 
1293	81 
1294	74 
1295	13 
1296	1 
1297	38 
1298	18 
1299	62 
1300	11 
1301	173 
1302	1 
1303	83 
1304	167 
1305	90 
1306	165 
1307	67 
1308	104 
1309	96 
1310	121 
1311	79 
1312	118 
1313	136 
1314	71 
1315	203 
1316	119 
1317	38 
1318	165 
1319	9 
1320	1 
1321	37 
1322	94 
1323	121 
1324	206 
1325	126 
1326	158 
1327	75 
1328	107 
1329	198 
1330	122 
1331	37 
1332	211 
1333	31 
1334	154 
1335	94 
1336	50 
1337	139 
1338	16 
1339	181 
1340	9 
1341	11 
1342	153 
1343	110 
1344	202 
1345	149 
1346	66 
1347	201 
1348	197 
1349	107 
1350	192 
1351	38 
1352	207 
1353	48 
1354	101 
1355	191 
1356	119 
1357	83 
1358	107 
1359	118 
1360	187 
1361	3 
1362	57 
1363	91 
1364	111 
1365	135 
1366	37 
1367	63 
1368	17 
1369	37 
1370	113 
1371	67 
1372	159 
1373	133 
1374	41 
1375	145 
1376	16 
1377	95 
1378	5 
1379	173 
1380	179 
1381	181 
1382	11 
1383	56 
1384	40 
1385	16 
1386	143 
1387	61 
1388	122 
1389	157 
1390	173 
1391	27 
1392	118 
1393	71 
1394	81 
1395	147 
1396	91 
1397	210 
1398	187 
1399	1 
1400	136 
1401	181 
1402	201 
1403	63 
1404	158 
1405	153 
1406	204 
1407	193 
1408	187 
1409	63 
1410	120 
1411	9 
1412	120 
1413	38 
1414	162 
1415	143 
1416	148 
1417	180 
1418	75 
1419	33 
1420	158 
1421	212 
1422	76 
1423	108 
1424	87 
1425	158 
1426	157 
1427	5 
1428	24 
1429	76 
1430	121 
1431	124 
1432	147 
1433	40 
1434	181 
1435	43 
1436	129 
1437	72 
1438	104 
1439	122 
1440	139 
1441	158 
1442	3 
1443	201 
1444	16 
1445	173 
1446	10 
1447	83 
1448	191 
1449	81 
1450	165 
1451	181 
1452	6 
1453	124 
1454	99 
1455	101 
1456	60 
1457	118 
1458	119 
1459	6 
1460	124 
1461	7 
1462	187 
1463	75 
1464	81 
1465	65 
1466	99 
1467	135 
1468	143 
1469	92 
1470	188 
1471	71 
1472	126 
1473	80 
1474	122 
1475	91 
1476	37 
1477	58 
1478	150 
1479	11 
1480	76 
1481	55 
1482	111 
1483	158 
1484	71 
1485	38 
1486	212 
1487	135 
1488	159 
1489	111 
1490	176 
1491	122 
1492	211 
1493	127 
1494	116 
1495	164 
1496	10 
1497	121 
1498	192 
1499	35 
1500	77 
1501	125 
1502	69 
1503	128 
1504	111 
1505	129 
1506	81 
1507	91 
1508	76 
1509	56 
1510	74 
1511	121 
1512	41 
1513	84 
1514	50 
1515	38 
1516	84 
1517	181 
1518	169 
1519	166 
1520	133 
1521	37 
1522	201 
1523	60 
1524	161 
1525	91 
1526	84 
1527	5 
1528	17 
1529	121 
1530	38 
1531	107 
1532	151 
1533	20 
1534	110 
1535	115 
1536	122 
1537	107 
1538	1 
1539	186 
1540	190 
1541	159 
1542	133 
1543	182 
1544	101 
1545	77 
1546	11 
1547	101 
1548	37 
1549	130 
1550	9 
1551	104 
1552	79 
1553	146 
1554	152 
1555	119 
1556	205 
1557	51 
1558	74 
1559	22 
1560	110 
1561	201 
1562	33 
1563	37 
1564	181 
1565	76 
1566	165 
1567	200 
1568	174 
1569	194 
1570	9 
1571	20 
1572	74 
1573	39 
1574	136 
1575	159 
1576	38 
1577	187 
1578	6 
1579	51 
1580	67 
1581	122 
1582	143 
1583	75 
1584	39 
1585	111 
1586	40 
1587	83 
1588	78 
1589	194 
1590	81 
1591	124 
1592	212 
1593	28 
1594	109 
1595	136 
1596	56 
1597	192 
1598	124 
1599	102 
1600	5 
1601	204 
1602	214 
1603	170 
1604	191 
1605	104 
1606	75 
1607	133 
1608	56 
1609	114 
1610	192 
1611	94 
1612	120 
1613	181 
1614	75 
1615	74 
1616	37 
1617	7 
1618	86 
1619	122 
1620	83 
1621	118 
1622	56 
1623	101 
1624	66 
1625	57 
1626	154 
1627	127 
1628	49 
1629	204 
1630	39 
1631	95 
1632	133 
1633	25 
1634	25 
1635	132 
1636	112 
1637	211 
1638	63 
1639	147 
1640	50 
1641	56 
1642	129 
1643	123 
1644	117 
1645	209 
1646	111 
1647	10 
1648	5 
1649	121 
1650	157 
1651	21 
1652	63 
1653	55 
1654	107 
1655	94 
1656	209 
1657	101 
1658	181 
1659	91 
1660	107 
1661	1 
1662	198 
1663	180 
1664	63 
1665	202 
1666	200 
1667	91 
1668	39 
1669	137 
1670	21 
1671	111 
1672	32 
1673	131 
1674	91 
1675	158 
1676	153 
1677	56 
1678	182 
1679	69 
1680	213 
1681	192 
1682	65 
1683	158 
1684	191 
1685	123 
1686	3 
1687	1 
1688	115 
1689	142 
1690	112 
1691	181 
1692	3 
1693	207 
1694	111 
1695	131 
1696	63 
1697	104 
1698	69 
1699	42 
1700	139 
1701	203 
1702	103 
1703	85 
1704	37 
1705	71 
1706	30 
1707	154 
1708	190 
1709	213 
1710	38 
1711	187 
1712	10 
1713	67 
1714	31 
1715	167 
1716	172 
1717	20 
1718	154 
1719	201 
1720	211 
1721	113 
1722	31 
1723	156 
1724	66 
1725	110 
1726	129 
1727	56 
1728	91 
1729	60 
1730	154 
1731	60 
1732	1 
1733	188 
1734	136 
1735	159 
1736	147 
1737	8 
1738	154 
1739	133 
1740	93 
1741	24 
1742	136 
1743	20 
1744	181 
1745	34 
1746	107 
1747	65 
1748	86 
1749	191 
1750	157 
1751	109 
1752	28 
1753	72 
1754	126 
1755	111 
1756	143 
1757	116 
1758	37 
1759	72 
1760	185 
1761	11 
1762	158 
1763	208 
1764	124 
1765	139 
1766	38 
1767	141 
1768	99 
1769	170 
1770	161 
1771	157 
1772	38 
1773	97 
1774	68 
1775	208 
1776	58 
1777	63 
1778	81 
1779	201 
1780	66 
1781	122 
1782	154 
1783	101 
1784	13 
1785	152 
1786	158 
1787	34 
1788	133 
1789	194 
1790	56 
1791	161 
1792	68 
1793	110 
1794	202 
1795	121 
1796	65 
1797	130 
1798	176 
1799	1 
1800	17 
1801	81 
1802	1 
1803	212 
1804	37 
1805	47 
1806	201 
1807	32 
1808	121 
1809	11 
1810	198 
1811	120 
1812	113 
1813	137 
1814	172 
1815	208 
1816	58 
1817	202 
1818	147 
1819	102 
1820	33 
1821	16 
1822	58 
1823	187 
1824	56 
1825	16 
1826	91 
1827	192 
1828	181 
1829	122 
1830	157 
1831	192 
1832	71 
1833	206 
1834	161 
1835	167 
1836	182 
1837	39 
1838	111 
1839	59 
1840	89 
1841	16 
1842	212 
1843	123 
1844	143 
1845	71 
1846	122 
1847	63 
1848	128 
1849	136 
1850	201 
1851	84 
1852	191 
1853	67 
1854	212 
1855	10 
1856	124 
1857	187 
1858	143 
1859	87 
1860	116 
1861	143 
1862	167 
1863	67 
1864	124 
1865	93 
1866	17 
1867	136 
1868	81 
1869	87 
1870	107 
1871	67 
1872	63 
1873	74 
1874	62 
1875	2 
1876	205 
1877	1 
1878	163 
1879	90 
1880	143 
1881	72 
1882	119 
1883	84 
1884	212 
1885	207 
1886	70 
1887	144 
1888	51 
1889	58 
1890	1 
1891	195 
1892	154 
1893	130 
1894	194 
1895	111 
1896	12 
1897	129 
1898	145 
1899	126 
1900	83 
1901	144 
1902	10 
1903	124 
1904	116 
1905	84 
1906	74 
1907	30 
1908	180 
1909	136 
1910	181 
1911	148 
1912	84 
1913	21 
1914	138 
1915	213 
1916	42 
1917	33 
1918	58 
1919	56 
1920	74 
1921	21 
1922	40 
1923	126 
1924	149 
1925	9 
1926	102 
1927	129 
1928	154 
1929	119 
1930	80 
1931	41 
1932	84 
1933	99 
1934	38 
1935	173 
1936	179 
1937	83 
1938	31 
1939	58 
1940	84 
1941	5 
1942	94 
1943	1 
1944	72 
1945	75 
1946	121 
1947	91 
1948	52 
1949	63 
1950	107 
1951	33 
1952	154 
1953	86 
1954	16 
1955	111 
1956	33 
1957	67 
1958	16 
1959	46 
1960	195 
1961	51 
1962	81 
1963	96 
1964	88 
1965	201 
1966	116 
1967	27 
1968	199 
1969	187 
1970	195 
1971	159 
1972	8 
1973	141 
1974	38 
1975	51 
1976	116 
1977	67 
1978	91 
1979	60 
1980	187 
1981	97 
1982	171 
1983	50 
1984	196 
1985	133 
1986	111 
1987	1 
1988	133 
1989	56 
1990	107 
1991	48 
1992	133 
1993	110 
1994	10 
1995	95 
1996	182 
1997	49 
1998	86 
1999	71 
2000	165 
2001	164 
2002	186 
2003	91 
2004	181 
2005	122 
2006	165 
2007	187 
2008	195 
2009	111 
2010	187 
2011	158 
2012	178 
2013	110 
2014	154 
2015	72 
2016	167 
2017	202 
2018	143 
2019	191 
2020	10 
2021	185 
2022	133 
2023	37 
2024	146 
2025	160 
2026	187 
2027	20 
2028	104 
2029	111 
2030	148 
2031	62 
2032	79 
2033	196 
2034	158 
2035	63 
2036	150 
2037	157 
2038	62 
2039	170 
2040	178 
2041	161 
2042	108 
2043	110 
2044	41 
2045	39 
2046	189 
2047	33 
2048	8 
2049	171 
2050	183 
2051	187 
2052	153 
2053	165 
2054	121 
2055	140 
2056	38 
2057	172 
2058	156 
2059	167 
2060	147 
2061	58 
2062	67 
2063	157 
2064	143 
2065	136 
2066	58 
2067	119 
2068	115 
2069	12 
2070	38 
2071	158 
2072	205 
2073	187 
2074	81 
2075	11 
2076	196 
2077	160 
2078	201 
2079	67 
2080	79 
2081	201 
2082	149 
2083	101 
2084	67 
2085	11 
2086	114 
2087	119 
2088	204 
2089	166 
2090	195 
2091	124 
2092	63 
2093	16 
2094	64 
2095	11 
2096	129 
2097	181 
2098	10 
2099	67 
2100	25 
2101	156 
2102	173 
2103	58 
2104	148 
2105	81 
2106	122 
2107	109 
2108	154 
2109	192 
2110	126 
2111	63 
2112	158 
2113	175 
2114	56 
2115	143 
2116	190 
2117	25 
2118	76 
2119	30 
2120	123 
2121	177 
2122	72 
2123	186 
2124	33 
2125	209 
2126	123 
2127	127 
2128	38 
2129	167 
2130	60 
2131	181 
2132	50 
2133	160 
2134	30 
2135	81 
2136	110 
2137	214 
2138	128 
2139	122 
2140	154 
2141	8 
2142	38 
2143	16 
2144	76 
2145	28 
2146	86 
2147	121 
2148	159 
2149	191 
2150	3 
2151	132 
2152	58 
2153	188 
2154	77 
2155	151 
2156	107 
2157	147 
2158	205 
2159	67 
2160	157 
2161	37 
2162	27 
2163	113 
2164	20 
2165	137 
2166	26 
2167	213 
2168	98 
2169	188 
2170	67 
2171	16 
2172	52 
2173	81 
2174	119 
2175	107 
2176	3 
2177	74 
2178	126 
2179	124 
2180	157 
2181	124 
2182	20 
2183	111 
2184	58 
2185	63 
2186	75 
2187	196 
2188	75 
2189	40 
2190	81 
2191	35 
2192	107 
2193	90 
2194	135 
2195	211 
2196	181 
2197	54 
2198	75 
2199	81 
2200	51 
2201	62 
2202	79 
2203	105 
2204	212 
2205	63 
2206	184 
2207	48 
2208	50 
2209	136 
2210	119 
2211	201 
2212	4 
2213	81 
2214	201 
2215	48 
2216	85 
2217	36 
2218	193 
2219	108 
2220	103 
2221	106 
2222	75 
2223	46 
2224	212 
2225	104 
2226	169 
2227	181 
2228	66 
2229	16 
2230	67 
2231	146 
2232	104 
2233	1 
2234	182 
2235	121 
2236	67 
2237	200 
2238	33 
2239	180 
2240	3 
2241	3 
2242	53 
2243	11 
2244	75 
2245	211 
2246	67 
2247	84 
2248	72 
2249	130 
2250	5 
2251	116 
2252	8 
2253	56 
2254	154 
2255	192 
2256	116 
2257	33 
2258	185 
2259	121 
2260	128 
2261	60 
2262	125 
2263	187 
2264	187 
2265	82 
2266	197 
2267	92 
2268	25 
2269	99 
2270	116 
2271	1 
2272	74 
2273	92 
2274	22 
2275	136 
2276	111 
2277	64 
2278	193 
2279	139 
2280	186 
2281	123 
2282	190 
2283	83 
2284	38 
2285	192 
2286	104 
2287	117 
2288	71 
2289	18 
2290	124 
2291	131 
2292	124 
2293	48 
2294	172 
2295	40 
2296	79 
2297	198 
2298	117 
2299	16 
2300	158 
2301	176 
2302	119 
2303	167 
2304	149 
2305	75 
2306	163 
2307	63 
2308	129 
2309	22 
2310	95 
2311	187 
2312	67 
2313	38 
2314	158 
2315	56 
2316	3 
2317	190 
2318	209 
2319	5 
2320	122 
2321	9 
2322	167 
2323	62 
2324	187 
2325	18 
2326	60 
2327	187 
2328	16 
2329	202 
2330	111 
2331	178 
2332	113 
2333	146 
2334	202 
2335	16 
2336	32 
2337	143 
2338	154 
2339	136 
2340	37 
2341	5 
2342	80 
2343	154 
2344	3 
2345	16 
2346	80 
2347	165 
2348	205 
2349	62 
2350	3 
2351	136 
2352	1 
2353	75 
2354	126 
2355	20 
2356	150 
2357	1 
2358	145 
2359	12 
2360	180 
2361	56 
2362	7 
2363	154 
2364	143 
2365	62 
2366	83 
2367	122 
2368	108 
2369	67 
2370	111 
2371	177 
2372	147 
2373	111 
2374	16 
2375	39 
2376	192 
2377	188 
2378	142 
2379	33 
2380	88 
2381	202 
2382	124 
2383	62 
2384	10 
2385	81 
2386	62 
2387	122 
2388	122 
2389	107 
2390	46 
2391	152 
2392	177 
2393	1 
2394	126 
2395	181 
2396	126 
2397	195 
2398	72 
2399	41 
2400	84 
2401	49 
2402	172 
2403	16 
2404	188 
2405	38 
2406	170 
2407	126 
2408	1 
2409	75 
2410	33 
2411	177 
2412	3 
2413	134 
2414	214 
2415	198 
2416	64 
2417	149 
2418	212 
2419	195 
2420	5 
2421	133 
2422	154 
2423	158 
2424	3 
2425	143 
2426	129 
2427	76 
2428	116 
2429	20 
2430	25 
2431	17 
2432	143 
2433	130 
2434	91 
2435	143 
2436	51 
2437	16 
2438	111 
2439	115 
2440	98 
2441	192 
2442	6 
2443	209 
2444	107 
2445	69 
2446	81 
2447	191 
2448	121 
2449	187 
2450	107 
2451	143 
2452	86 
2453	67 
2454	136 
2455	107 
2456	125 
2457	192 
2458	188 
2459	192 
2460	189 
2461	62 
2462	164 
2463	56 
2464	111 
2465	16 
2466	62 
2467	211 
2468	121 
2469	61 
2470	90 
2471	80 
2472	75 
2473	172 
2474	16 
2475	90 
2476	52 
2477	211 
2478	75 
2479	189 
2480	159 
2481	63 
2482	113 
2483	33 
2484	61 
2485	82 
2486	81 
2487	135 
2488	147 
2489	168 
2490	121 
2491	126 
2492	153 
2493	17 
2494	91 
2495	78 
2496	202 
2497	67 
2498	20 
2499	138 
2500	212 
2501	121 
2502	51 
2503	79 
2504	147 
2505	142 
2506	160 
2507	146 
2508	198 
2509	122 
2510	62 
2511	129 
2512	165 
2513	78 
2514	183 
2515	118 
2516	157 
2517	95 
2518	115 
2519	37 
2520	110 
2521	64 
2522	211 
2523	131 
2524	28 
2525	68 
2526	130 
2527	58 
2528	82 
2529	82 
2530	157 
2531	67 
2532	61 
2533	122 
2534	49 
2535	79 
2536	191 
2537	41 
2538	140 
2539	81 
2540	50 
2541	187 
2542	187 
2543	22 
2544	190 
2545	211 
2546	11 
2547	67 
2548	200 
2549	168 
2550	62 
2551	179 
2552	60 
2553	8 
2554	139 
2555	83 
2556	140 
2557	187 
2558	154 
2559	196 
2560	1 
2561	66 
2562	71 
2563	62 
2564	67 
2565	185 
2566	62 
2567	17 
2568	124 
2569	40 
2570	75 
2571	138 
2572	75 
2573	126 
2574	81 
2575	181 
2576	65 
2577	213 
2578	62 
2579	1 
2580	189 
2581	81 
2582	84 
2583	157 
2584	71 
2585	154 
2586	112 
2587	182 
2588	133 
2589	201 
2590	172 
2591	80 
2592	20 
2593	62 
2594	80 
2595	84 
2596	136 
2597	117 
2598	160 
2599	159 
2600	124 
2601	169 
2602	124 
2603	75 
2604	111 
2605	124 
2606	75 
2607	58 
2608	6 
2609	1 
2610	67 
2611	17 
2612	74 
2613	83 
2614	3 
2615	24 
2616	67 
2617	84 
2618	10 
2619	5 
2620	97 
2621	19 
2622	63 
2623	118 
2624	211 
2625	123 
2626	159 
2627	20 
2628	84 
2629	72 
2630	150 
2631	180 
2632	83 
2633	162 
2634	81 
2635	162 
2636	106 
2637	17 
2638	121 
2639	114 
2640	203 
2641	93 
2642	172 
2643	60 
2644	116 
2645	11 
2646	3 
2647	138 
2648	62 
2649	187 
2650	94 
2651	159 
2652	65 
2653	158 
2654	166 
2655	111 
2656	91 
2657	81 
2658	38 
2659	91 
2660	71 
2661	75 
2662	188 
2663	146 
2664	161 
2665	5 
2666	51 
2667	183 
2668	122 
2669	158 
2670	169 
2671	40 
2672	50 
2673	126 
2674	158 
2675	83 
2676	37 
2677	165 
2678	37 
2679	195 
2680	83 
2681	137 
2682	111 
2683	133 
2684	66 
2685	11 
2686	63 
2687	157 
2688	79 
2689	207 
2690	60 
2691	187 
2692	190 
2693	29 
2694	57 
2695	111 
2696	107 
2697	183 
2698	116 
2699	111 
2700	152 
2701	3 
2702	11 
2703	2 
2704	69 
2705	172 
2706	152 
2707	122 
2708	69 
2709	24 
2710	162 
2711	133 
2712	5 
2713	183 
2714	107 
2715	67 
2716	37 
2717	23 
2718	147 
2719	191 
2720	148 
2721	121 
2722	1 
2723	93 
2724	1 
2725	71 
2726	31 
2727	201 
2728	72 
2729	141 
2730	181 
2731	157 
2732	34 
2733	185 
2734	158 
2735	83 
2736	50 
2737	10 
2738	5 
2739	136 
2740	172 
2741	83 
2742	80 
2743	131 
2744	103 
2745	88 
2746	107 
2747	136 
2748	139 
2749	143 
2750	39 
2751	147 
2752	42 
2753	62 
2754	187 
2755	110 
2756	158 
2757	52 
2758	25 
2759	102 
2760	63 
2761	114 
2762	38 
2763	172 
2764	80 
2765	154 
2766	67 
2767	194 
2768	39 
2769	81 
2770	167 
2771	154 
2772	153 
2773	133 
2774	58 
2775	146 
2776	141 
2777	192 
2778	10 
2779	40 
2780	56 
2781	84 
2782	16 
2783	171 
2784	191 
2785	190 
2786	137 
2787	110 
2788	67 
2789	137 
2790	85 
2791	199 
2792	75 
2793	9 
2794	164 
2795	148 
2796	202 
2797	157 
2798	158 
2799	185 
2800	15 
2801	196 
2802	83 
2803	213 
2804	131 
2805	7 
2806	72 
2807	212 
2808	198 
2809	94 
2810	199 
2811	126 
2812	111 
2813	62 
2814	44 
2815	37 
2816	100 
2817	38 
2818	205 
2819	187 
2820	34 
2821	205 
2822	202 
2823	37 
2824	62 
2825	152 
2826	126 
2827	85 
2828	133 
2829	22 
2830	84 
2831	62 
2832	124 
2833	71 
2834	192 
2835	54 
2836	67 
2837	112 
2838	28 
2839	8 
2840	38 
2841	66 
2842	60 
2843	154 
2844	67 
2845	54 
2846	84 
2847	179 
2848	201 
2849	65 
2850	53 
2851	10 
2852	38 
2853	133 
2854	75 
2855	76 
2856	154 
2857	56 
2858	75 
2859	76 
2860	199 
2861	86 
2862	158 
2863	129 
2864	159 
2865	130 
2866	192 
2867	157 
2868	146 
2869	158 
2870	122 
2871	11 
2872	192 
2873	25 
2874	103 
2875	38 
2876	91 
2877	67 
2878	37 
2879	169 
2880	63 
2881	62 
2882	202 
2883	71 
2884	66 
2885	201 
2886	147 
2887	189 
2888	187 
2889	25 
2890	67 
2891	1 
2892	137 
2893	158 
2894	20 
2895	3 
2896	143 
2897	129 
2898	197 
2899	63 
2900	182 
2901	21 
2902	211 
2903	75 
2904	139 
2905	62 
2906	154 
2907	65 
2908	154 
2909	10 
2910	201 
2911	121 
2912	33 
2913	124 
2914	62 
2915	75 
2916	192 
2917	189 
2918	194 
2919	201 
2920	113 
2921	133 
2922	49 
2923	5 
2924	79 
2925	67 
2926	36 
2927	154 
2928	37 
2929	69 
2930	189 
2931	31 
2932	39 
2933	96 
2934	68 
2935	81 
2936	67 
2937	11 
2938	16 
2939	137 
2940	56 
2941	80 
2942	116 
2943	60 
2944	81 
2945	58 
2946	79 
2947	16 
2948	58 
2949	50 
2950	143 
2951	201 
2952	118 
2953	1 
2954	192 
2955	192 
2956	32 
2957	67 
2958	212 
2959	84 
2960	81 
2961	174 
2962	71 
2963	9 
2964	126 
2965	3 
2966	145 
2967	190 
2968	75 
2969	111 
2970	167 
2971	214 
2972	9 
2973	79 
2974	16 
2975	94 
2976	107 
2977	71 
2978	111 
2979	67 
2980	20 
2981	163 
2982	56 
2983	208 
2984	177 
2985	158 
2986	137 
2987	45 
2988	201 
2989	199 
2990	100 
2991	136 
2992	159 
2993	107 
2994	56 
2995	124 
2996	21 
2997	21 
2998	208 
2999	111 
3000	165 
3001	81 
3002	25 
3003	187 
3004	1 
3005	61 
3006	83 
3007	1 
3008	121 
3009	70 
3010	201 
3011	111 
3012	30 
3013	136 
3014	201 
3015	133 
3016	26 
3017	84 
3018	124 
3019	96 
3020	143 
3021	17 
3022	196 
3023	192 
3024	154 
3025	121 
3026	67 
3027	75 
3028	84 
3029	39 
3030	56 
3031	122 
3032	211 
3033	192 
3034	21 
3035	86 
3036	41 
3037	205 
3038	116 
3039	84 
3040	111 
3041	211 
3042	147 
3043	152 
3044	115 
3045	20 
3046	19 
3047	50 
3048	1 
3049	72 
3050	79 
3051	194 
3052	90 
3053	132 
3054	22 
3055	75 
3056	124 
3057	111 
3058	60 
3059	143 
3060	111 
3061	119 
3062	71 
3063	116 
3064	95 
3065	1 
3066	168 
3067	58 
3068	121 
3069	62 
3070	72 
3071	190 
3072	124 
3073	36 
3074	126 
3075	67 
3076	17 
3077	10 
3078	116 
3079	64 
3080	212 
3081	124 
3082	110 
3083	57 
3084	166 
3085	192 
3086	46 
3087	188 
3088	187 
3089	69 
3090	21 
3091	198 
3092	98 
3093	75 
3094	32 
3095	190 
3096	187 
3097	129 
3098	143 
3099	165 
3100	111 
3101	201 
3102	185 
3103	91 
3104	60 
3105	205 
3106	21 
3107	69 
3108	143 
3109	70 
3110	42 
3111	116 
3112	101 
3113	140 
3114	16 
3115	33 
3116	186 
3117	58 
3118	153 
3119	126 
3120	153 
3121	159 
3122	57 
3123	67 
3124	151 
3125	110 
3126	143 
3127	192 
3128	212 
3129	185 
3130	72 
3131	69 
3132	22 
3133	198 
3134	146 
3135	76 
3136	154 
3137	32 
3138	50 
3139	50 
3140	178 
3141	63 
3142	44 
3143	169 
3144	50 
3145	47 
3146	111 
3147	137 
3148	201 
3149	133 
3150	66 
3151	110 
3152	8 
3153	213 
3154	201 
3155	201 
3156	20 
3157	1 
3158	133 
3159	159 
3160	107 
3161	118 
3162	18 
3163	104 
3164	163 
3165	3 
3166	133 
3167	26 
3168	33 
3169	61 
3170	128 
3171	69 
3172	160 
3173	38 
3174	129 
3175	139 
3176	31 
3177	154 
3178	16 
3179	129 
3180	16 
3181	143 
3182	76 
3183	101 
3184	157 
3185	95 
3186	192 
3187	111 
3188	33 
3189	47 
3190	116 
3191	38 
3192	10 
3193	115 
3194	149 
3195	19 
3196	203 
3197	25 
3198	63 
3199	38 
3200	39 
3201	139 
3202	72 
3203	61 
3204	61 
3205	91 
3206	176 
3207	65 
3208	136 
3209	19 
3210	130 
3211	158 
3212	9 
3213	158 
3214	30 
3215	124 
3216	67 
3217	38 
3218	86 
3219	201 
3220	187 
3221	172 
3222	165 
3223	175 
3224	111 
3225	157 
3226	115 
3227	32 
3228	63 
3229	154 
3230	65 
3231	181 
3232	163 
3233	175 
3234	16 
3235	111 
3236	92 
3237	161 
3238	38 
3239	41 
3240	76 
3241	107 
3242	98 
3243	133 
3244	183 
3245	2 
3246	153 
3247	67 
3248	21 
3249	205 
3250	79 
3251	63 
3252	113 
3253	133 
3254	76 
3255	33 
3256	133 
3257	70 
3258	52 
3259	207 
3260	94 
3261	192 
3262	139 
3263	56 
3264	50 
3265	147 
3266	198 
3267	10 
3268	162 
3269	157 
3270	126 
3271	118 
3272	122 
3273	91 
3274	74 
3275	121 
3276	74 
3277	191 
3278	185 
3279	83 
3280	81 
3281	107 
3282	38 
3283	200 
3284	143 
3285	37 
3286	201 
3287	4 
3288	121 
3289	189 
3290	129 
3291	153 
3292	121 
3293	48 
3294	3 
3295	10 
3296	143 
3297	111 
3298	101 
3299	105 
3300	192 
3301	58 
3302	124 
3303	160 
3304	93 
3305	75 
3306	65 
3307	121 
3308	76 
3309	187 
3310	158 
3311	122 
3312	83 
3313	33 
3314	79 
3315	122 
3316	62 
3317	143 
3318	202 
3319	78 
3320	33 
3321	158 
3322	39 
3323	191 
3324	73 
3325	39 
3326	162 
3327	159 
3328	129 
3329	79 
3330	63 
3331	37 
3332	81 
3333	115 
3334	37 
3335	143 
3336	6 
3337	1 
3338	107 
3339	184 
3340	67 
3341	188 
3342	11 
3343	48 
3344	107 
3345	56 
3346	202 
3347	110 
3348	1 
3349	98 
3350	27 
3351	107 
3352	3 
3353	121 
3354	121 
3355	97 
3356	73 
3357	212 
3358	81 
3359	122 
3360	75 
3361	75 
3362	143 
3363	107 
3364	33 
3365	5 
3366	158 
3367	146 
3368	159 
3369	76 
3370	34 
3371	34 
3372	192 
3373	93 
3374	16 
3375	136 
3376	122 
3377	33 
3378	67 
3379	155 
3380	17 
3381	63 
3382	85 
3383	210 
3384	84 
3385	164 
3386	115 
3387	31 
3388	137 
3389	194 
3390	121 
3391	118 
3392	158 
3393	102 
3394	51 
3395	38 
3396	91 
3397	95 
3398	25 
3399	63 
3400	84 
3401	107 
3402	60 
3403	9 
3404	141 
3405	180 
3406	143 
3407	75 
3408	40 
3409	79 
3410	173 
3411	121 
3412	182 
3413	3 
3414	211 
3415	62 
3416	65 
3417	38 
3418	16 
3419	110 
3420	147 
3421	81 
3422	154 
3423	37 
3424	61 
3425	11 
3426	49 
3427	75 
3428	171 
3429	3 
3430	143 
3431	130 
3432	33 
3433	103 
3434	122 
3435	75 
3436	124 
3437	126 
3438	199 
3439	116 
3440	34 
3441	108 
3442	1 
3443	137 
3444	144 
3445	133 
3446	82 
3447	20 
3448	126 
3449	16 
3450	192 
3451	67 
3452	158 
3453	146 
3454	201 
3455	91 
3456	97 
3457	126 
3458	95 
3459	79 
3460	93 
3461	158 
3462	133 
3463	39 
3464	37 
3465	57 
3466	159 
3467	1 
3468	70 
3469	126 
3470	33 
3471	63 
3472	154 
3473	37 
3474	172 
3475	136 
3476	54 
3477	63 
3478	106 
3479	191 
3480	107 
3481	6 
3482	29 
3483	136 
3484	33 
3485	191 
3486	52 
3487	50 
3488	168 
3489	143 
3490	136 
3491	86 
3492	210 
3493	81 
3494	34 
3495	157 
3496	94 
3497	97 
3498	134 
3499	185 
3500	76 
3501	75 
3502	110 
3503	16 
3504	16 
3505	83 
3506	84 
3507	62 
3508	92 
3509	56 
3510	181 
3511	157 
3512	154 
3513	111 
3514	66 
3515	85 
3516	194 
3517	25 
3518	139 
3519	2 
3520	181 
3521	20 
3522	37 
3523	69 
3524	147 
3525	158 
3526	143 
3527	124 
3528	81 
3529	124 
3530	58 
3531	136 
3532	95 
3533	39 
3534	71 
3535	147 
3536	85 
3537	33 
3538	63 
3539	23 
3540	17 
3541	143 
3542	172 
3543	58 
3544	142 
3545	79 
3546	170 
3547	129 
3548	129 
3549	113 
3550	78 
3551	94 
3552	127 
3553	188 
3554	169 
3555	71 
3556	83 
3557	58 
3558	66 
3559	83 
3560	67 
3561	61 
3562	107 
3563	67 
3564	120 
3565	71 
3566	48 
3567	94 
3568	86 
3569	147 
3570	10 
3571	175 
3572	38 
3573	84 
3574	50 
3575	186 
3576	147 
3577	55 
3578	213 
3579	2 
3580	116 
3581	79 
3582	38 
3583	69 
3584	189 
3585	37 
3586	81 
3587	201 
3588	201 
3589	94 
3590	139 
3591	140 
3592	187 
3593	60 
3594	40 
3595	74 
3596	180 
3597	202 
3598	3 
3599	115 
3600	40 
3601	33 
3602	165 
3603	202 
3604	38 
3605	182 
3606	1 
3607	154 
3608	71 
3609	173 
3610	110 
3611	170 
3612	83 
3613	9 
3614	121 
3615	110 
3616	195 
3617	37 
3618	20 
3619	205 
3620	65 
3621	40 
3622	158 
3623	173 
3624	188 
3625	157 
3626	55 
3627	53 
3628	38 
3629	67 
3630	122 
3631	103 
3632	1 
3633	33 
3634	170 
3635	62 
3636	148 
3637	146 
3638	139 
3639	119 
3640	67 
3641	136 
3642	90 
3643	68 
3644	84 
3645	171 
3646	58 
3647	66 
3648	90 
3649	187 
3650	75 
3651	129 
3652	90 
3653	182 
3654	185 
3655	201 
3656	4 
3657	187 
3658	71 
3659	150 
3660	184 
3661	157 
3662	165 
3663	119 
3664	147 
3665	33 
3666	121 
3667	117 
3668	116 
3669	202 
3670	25 
3671	58 
3672	91 
3673	146 
3674	20 
3675	31 
3676	63 
3677	37 
3678	167 
3679	167 
3680	63 
3681	211 
3682	51 
3683	207 
3684	121 
3685	137 
3686	165 
3687	139 
3688	23 
3689	110 
3690	119 
3691	201 
3692	1 
3693	197 
3694	11 
3695	107 
3696	67 
3697	37 
3698	157 
3699	92 
3700	54 
3701	81 
3702	212 
3703	212 
3704	188 
3705	39 
3706	165 
3707	75 
3708	60 
3709	11 
3710	133 
3711	154 
3712	131 
3713	60 
3714	188 
3715	154 
3716	75 
3717	63 
3718	122 
3719	133 
3720	63 
3721	111 
3722	5 
3723	158 
3724	57 
3725	117 
3726	180 
3727	27 
3728	94 
3729	124 
3730	81 
3731	86 
3732	83 
3733	185 
3734	177 
3735	145 
3736	83 
3737	37 
3738	143 
3739	187 
3740	102 
3741	40 
3742	159 
3743	159 
3744	51 
3745	58 
3746	72 
3747	31 
3748	133 
3749	143 
3750	171 
3751	196 
3752	111 
3753	133 
3754	169 
3755	133 
3756	210 
3757	122 
3758	64 
3759	188 
3760	170 
3761	81 
3762	69 
3763	22 
3764	10 
3765	45 
3766	41 
3767	1 
3768	115 
3769	129 
3770	50 
3771	71 
3772	48 
3773	195 
3774	27 
3775	37 
3776	146 
3777	83 
3778	119 
3779	73 
3780	129 
3781	210 
3782	32 
3783	61 
3784	188 
3785	25 
3786	207 
3787	40 
3788	9 
3789	154 
3790	182 
3791	67 
3792	124 
3793	209 
3794	56 
3795	81 
3796	134 
3797	132 
3798	132 
3799	199 
3800	47 
3801	154 
3802	191 
3803	157 
3804	88 
3805	38 
3806	116 
3807	158 
3808	183 
3809	188 
3810	165 
3811	172 
3812	107 
3813	199 
3814	3 
3815	1 
3816	167 
3817	5 
3818	9 
3819	113 
3820	123 
3821	29 
3822	7 
3823	84 
3824	165 
3825	38 
3826	32 
3827	199 
3828	62 
3829	156 
3830	133 
3831	17 
3832	29 
3833	154 
3834	142 
3835	37 
3836	170 
3837	57 
3838	189 
3839	113 
3840	212 
3841	165 
3842	89 
3843	58 
3844	192 
3845	116 
3846	208 
3847	107 
3848	20 
3849	38 
3850	187 
3851	139 
3852	60 
3853	40 
3854	81 
3855	158 
3856	38 
3857	202 
3858	16 
3859	86 
3860	15 
3861	122 
3862	92 
3863	129 
3864	102 
3865	41 
3866	157 
3867	171 
3868	4 
3869	133 
3870	65 
3871	140 
3872	84 
3873	16 
3874	108 
3875	154 
3876	85 
3877	184 
3878	113 
3879	37 
3880	63 
3881	180 
3882	81 
3883	37 
3884	159 
3885	51 
3886	179 
3887	111 
3888	63 
3889	113 
3890	102 
3891	107 
3892	32 
3893	173 
3894	187 
3895	62 
3896	172 
3897	38 
3898	11 
3899	191 
3900	165 
3901	133 
3902	35 
3903	3 
3904	79 
3905	154 
3906	182 
3907	25 
3908	81 
3909	33 
3910	181 
3911	158 
3912	56 
3913	107 
3914	107 
3915	67 
3916	154 
3917	62 
3918	66 
3919	171 
3920	212 
3921	185 
3922	51 
3923	211 
3924	187 
3925	135 
3926	116 
3927	101 
3928	207 
3929	74 
3930	146 
3931	198 
3932	81 
3933	152 
3934	84 
3935	63 
3936	79 
3937	83 
3938	97 
3939	20 
3940	159 
3941	71 
3942	177 
3943	110 
3944	159 
3945	26 
3946	158 
3947	202 
3948	167 
3949	205 
3950	172 
3951	57 
3952	5 
3953	187 
3954	126 
3955	71 
3956	150 
3957	126 
3958	45 
3959	113 
3960	17 
3961	182 
3962	67 
3963	35 
3964	175 
3965	81 
3966	38 
3967	143 
3968	91 
3969	185 
3970	100 
3971	187 
3972	75 
3973	10 
3974	118 
3975	25 
3976	53 
3977	147 
3978	159 
3979	38 
3980	63 
3981	21 
3982	121 
3983	77 
3984	65 
3985	136 
3986	84 
3987	100 
3988	183 
3989	128 
3990	119 
3991	205 
3992	131 
3993	33 
3994	113 
3995	85 
3996	121 
3997	17 
3998	136 
3999	71 
4000	154 
4001	107 
4002	84 
4003	209 
4004	81 
4005	165 
4006	100 
4007	90 
4008	201 
4009	192 
4010	136 
4011	173 
4012	201 
4013	146 
4014	164 
4015	158 
4016	26 
4017	84 
4018	198 
4019	143 
4020	61 
4021	74 
4022	67 
4023	115 
4024	146 
4025	104 
4026	213 
4027	187 
4028	105 
4029	158 
4030	167 
4031	136 
4032	190 
4033	96 
4034	138 
4035	119 
4036	1 
4037	5 
4038	79 
4039	49 
4040	124 
4041	17 
4042	124 
4043	21 
4044	1 
4045	158 
4046	167 
4047	69 
4048	107 
4049	81 
4050	141 
4051	102 
4052	1 
4053	66 
4054	68 
4055	34 
4056	63 
4057	161 
4058	75 
4059	38 
4060	54 
4061	188 
4062	149 
4063	113 
4064	38 
4065	5 
4066	63 
4067	20 
4068	200 
4069	108 
4070	159 
4071	67 
4072	129 
4073	91 
4074	37 
4075	26 
4076	123 
4077	58 
4078	51 
4079	133 
4080	5 
4081	111 
4082	33 
4083	54 
4084	185 
4085	133 
4086	190 
4087	172 
4088	188 
4089	107 
4090	63 
4091	51 
4092	61 
4093	110 
4094	10 
4095	188 
4096	119 
4097	67 
4098	141 
4099	158 
4100	124 
4101	56 
4102	75 
4103	89 
4104	22 
4105	17 
4106	75 
4107	17 
4108	202 
4109	129 
4110	90 
4111	11 
4112	58 
4113	1 
4114	75 
4115	155 
4116	36 
4117	122 
4118	176 
4119	50 
4120	175 
4121	182 
4122	187 
4123	141 
4124	134 
4125	110 
4126	124 
4127	181 
4128	71 
4129	101 
4130	28 
4131	91 
4132	6 
4133	136 
4134	144 
4135	74 
4136	63 
4137	139 
4138	121 
4139	33 
4140	121 
4141	192 
4142	164 
4143	145 
4144	146 
4145	136 
4146	177 
4147	146 
4148	110 
4149	159 
4150	146 
4151	157 
4152	84 
4153	39 
4154	65 
4155	115 
4156	110 
4157	116 
4158	79 
4159	143 
4160	66 
4161	70 
4162	180 
4163	49 
4164	83 
4165	81 
4166	84 
4167	192 
4168	107 
4169	209 
4170	211 
4171	75 
4172	155 
4173	33 
4174	169 
4175	33 
4176	76 
4177	9 
4178	7 
4179	213 
4180	161 
4181	159 
4182	172 
4183	76 
4184	39 
4185	16 
4186	187 
4187	22 
4188	37 
4189	76 
4190	129 
4191	50 
4192	38 
4193	88 
4194	115 
4195	54 
4196	67 
4197	159 
4198	202 
4199	111 
4200	110 
4201	102 
4202	31 
4203	157 
4204	147 
4205	134 
4206	93 
4207	76 
4208	9 
4209	62 
4210	141 
4211	50 
4212	69 
4213	11 
4214	11 
4215	160 
4216	62 
4217	140 
4218	91 
4219	10 
4220	135 
4221	173 
4222	124 
4223	110 
4224	38 
4225	143 
4226	159 
4227	111 
4228	56 
4229	51 
4230	11 
4231	154 
4232	37 
4233	107 
4234	10 
4235	5 
4236	68 
4237	73 
4238	121 
4239	38 
4240	90 
4241	157 
4242	168 
4243	54 
4244	61 
4245	84 
4246	90 
4247	114 
4248	72 
4249	129 
4250	141 
4251	170 
4252	67 
4253	111 
4254	169 
4255	62 
4256	136 
4257	192 
4258	86 
4259	147 
4260	6 
4261	133 
4262	165 
4263	171 
4264	126 
4265	212 
4266	133 
4267	56 
4268	169 
4269	67 
4270	159 
4271	192 
4272	43 
4273	75 
4274	154 
4275	133 
4276	66 
4277	65 
4278	56 
4279	81 
4280	185 
4281	136 
4282	212 
4283	121 
4284	85 
4285	101 
4286	36 
4287	17 
4288	158 
4289	147 
4290	189 
4291	141 
4292	86 
4293	212 
4294	181 
4295	27 
4296	147 
4297	53 
4298	195 
4299	200 
4300	146 
4301	190 
4302	62 
4303	32 
4304	42 
4305	83 
4306	11 
4307	90 
4308	21 
4309	88 
4310	41 
4311	64 
4312	69 
4313	75 
4314	133 
4315	48 
4316	124 
4317	133 
4318	9 
4319	38 
4320	81 
4321	81 
4322	110 
4323	191 
4324	107 
4325	68 
4326	158 
4327	1 
4328	40 
4329	83 
4330	129 
4331	21 
4332	154 
4333	121 
4334	121 
4335	181 
4336	133 
4337	62 
4338	38 
4339	188 
4340	79 
4341	83 
4342	76 
4343	37 
4344	84 
4345	182 
4346	38 
4347	212 
4348	80 
4349	139 
4350	39 
4351	182 
4352	159 
4353	172 
4354	32 
4355	36 
4356	69 
4357	95 
4358	33 
4359	170 
4360	118 
4361	211 
4362	146 
4363	3 
4364	141 
4365	158 
4366	187 
4367	11 
4368	129 
4369	41 
4370	182 
4371	201 
4372	214 
4373	134 
4374	112 
4375	1 
4376	30 
4377	20 
4378	54 
4379	142 
4380	33 
4381	75 
4382	26 
4383	85 
4384	158 
4385	80 
4386	121 
4387	205 
4388	42 
4389	201 
4390	141 
4391	129 
4392	178 
4393	198 
4394	190 
4395	81 
4396	25 
4397	111 
4398	188 
4399	157 
4400	17 
4401	159 
4402	16 
4403	79 
4404	113 
4405	208 
4406	189 
4407	184 
4408	11 
4409	55 
4410	201 
4411	62 
4412	143 
4413	10 
4414	73 
4415	186 
4416	134 
4417	62 
4418	50 
4419	63 
4420	37 
4421	43 
4422	75 
4423	107 
4424	5 
4425	62 
4426	31 
4427	70 
4428	107 
4429	75 
4430	86 
4431	79 
4432	172 
4433	46 
4434	84 
4435	120 
4436	53 
4437	149 
4438	185 
4439	10 
4440	84 
4441	111 
4442	10 
4443	11 
4444	81 
4445	93 
4446	190 
4447	16 
4448	38 
4449	116 
4450	136 
4451	37 
4452	152 
4453	137 
4454	119 
4455	116 
4456	111 
4457	94 
4458	90 
4459	121 
4460	107 
4461	22 
4462	124 
4463	201 
4464	108 
4465	136 
4466	107 
4467	158 
4468	81 
4469	163 
4470	158 
4471	119 
4472	33 
4473	70 
4474	39 
4475	62 
4476	21 
4477	142 
4478	199 
4479	127 
4480	156 
4481	174 
4482	126 
4483	8 
4484	85 
4485	153 
4486	71 
4487	201 
4488	71 
4489	154 
4490	122 
4491	133 
4492	76 
4493	100 
4494	192 
4495	110 
4496	33 
4497	185 
4498	107 
4499	170 
4500	56 
4501	66 
4502	153 
4503	75 
4504	72 
4505	6 
4506	158 
4507	62 
4508	71 
4509	201 
4510	209 
4511	169 
4512	188 
4513	29 
4514	76 
4515	67 
4516	47 
4517	75 
4518	192 
4519	20 
4520	10 
4521	38 
4522	212 
4523	62 
4524	182 
4525	212 
4526	5 
4527	136 
4528	56 
4529	107 
4530	64 
4531	143 
4532	41 
4533	187 
4534	174 
4535	100 
4536	212 
4537	84 
4538	69 
4539	124 
4540	16 
4541	186 
4542	3 
4543	154 
4544	38 
4545	138 
4546	81 
4547	169 
4548	72 
4549	157 
4550	205 
4551	167 
4552	158 
4553	158 
4554	212 
4555	58 
4556	121 
4557	143 
4558	137 
4559	11 
4560	41 
4561	142 
4562	11 
4563	172 
4564	116 
4565	56 
4566	110 
4567	192 
4568	169 
4569	107 
4570	115 
4571	19 
4572	17 
4573	85 
4574	116 
4575	171 
4576	34 
4577	112 
4578	191 
4579	153 
4580	158 
4581	1 
4582	42 
4583	140 
4584	79 
4585	151 
4586	129 
4587	141 
4588	183 
4589	158 
4590	69 
4591	111 
4592	33 
4593	159 
4594	212 
4595	33 
4596	75 
4597	124 
4598	143 
4599	35 
4600	10 
4601	26 
4602	29 
4603	74 
4604	1 
4605	10 
4606	33 
4607	151 
4608	58 
4609	190 
4610	165 
4611	154 
4612	124 
4613	50 
4614	38 
4615	158 
4616	180 
4617	123 
4618	157 
4619	122 
4620	28 
4621	49 
4622	192 
4623	56 
4624	122 
4625	124 
4626	80 
4627	38 
4628	1 
4629	126 
4630	9 
4631	39 
4632	86 
4633	66 
4634	116 
4635	146 
4636	124 
4637	111 
4638	72 
4639	201 
4640	110 
4641	95 
4642	94 
4643	133 
4644	141 
4645	101 
4646	170 
4647	209 
4648	192 
4649	199 
4650	30 
4651	83 
4652	136 
4653	111 
4654	75 
4655	121 
4656	187 
4657	136 
4658	68 
4659	22 
4660	84 
4661	159 
4662	146 
4663	11 
4664	159 
4665	63 
4666	51 
4667	103 
4668	157 
4669	141 
4670	122 
4671	190 
4672	159 
4673	8 
4674	116 
4675	154 
4676	25 
4677	91 
4678	111 
4679	60 
4680	116 
4681	158 
4682	120 
4683	67 
4684	65 
4685	3 
4686	94 
4687	103 
4688	158 
4689	37 
4690	42 
4691	84 
4692	122 
4693	101 
4694	142 
4695	76 
4696	62 
4697	182 
4698	49 
4699	202 
4700	157 
4701	167 
4702	172 
4703	189 
4704	67 
4705	187 
4706	210 
4707	161 
4708	169 
4709	27 
4710	43 
4711	27 
4712	208 
4713	146 
4714	33 
4715	112 
4716	181 
4717	124 
4718	108 
4719	133 
4720	10 
4721	77 
4722	134 
4723	210 
4724	158 
4725	83 
4726	211 
4727	38 
4728	39 
4729	122 
4730	107 
4731	63 
4732	209 
4733	84 
4734	5 
4735	104 
4736	211 
4737	147 
4738	209 
4739	1 
4740	3 
4741	113 
4742	192 
4743	76 
4744	66 
4745	72 
4746	81 
4747	67 
4748	65 
4749	48 
4750	124 
4751	7 
4752	136 
4753	62 
4754	67 
4755	133 
4756	102 
4757	91 
4758	137 
4759	119 
4760	136 
4761	122 
4762	121 
4763	107 
4764	83 
4765	50 
4766	71 
4767	152 
4768	181 
4769	26 
4770	182 
4771	133 
4772	187 
4773	16 
4774	11 
4775	115 
4776	86 
4777	159 
4778	115 
4779	182 
4780	154 
4781	159 
4782	133 
4783	21 
4784	205 
4785	75 
4786	17 
4787	62 
4788	187 
4789	89 
4790	165 
4791	190 
4792	15 
4793	180 
4794	187 
4795	133 
4796	158 
4797	180 
4798	158 
4799	201 
4800	85 
4801	111 
4802	95 
4803	63 
4804	157 
4805	199 
4806	191 
4807	63 
4808	182 
4809	189 
4810	33 
4811	54 
4812	123 
4813	16 
4814	47 
4815	91 
4816	67 
4817	40 
4818	159 
4819	62 
4820	167 
4821	204 
4822	58 
4823	65 
4824	195 
4825	83 
4826	33 
4827	1 
4828	153 
4829	7 
4830	11 
4831	63 
4832	111 
4833	56 
4834	58 
4835	181 
4836	58 
4837	136 
4838	187 
4839	139 
4840	39 
4841	169 
4842	38 
4843	192 
4844	123 
4845	64 
4846	187 
4847	16 
4848	81 
4849	136 
4850	201 
4851	124 
4852	143 
4853	40 
4854	5 
4855	4 
4856	1 
4857	146 
4858	33 
4859	165 
4860	43 
4861	54 
4862	192 
4863	101 
4864	63 
4865	143 
4866	124 
4867	123 
4868	182 
4869	73 
4870	25 
4871	144 
4872	91 
4873	31 
4874	37 
4875	3 
4876	159 
4877	188 
4878	72 
4879	80 
4880	35 
4881	76 
4882	192 
4883	48 
4884	76 
4885	116 
4886	95 
4887	31 
4888	154 
4889	25 
4890	198 
4891	110 
4892	69 
4893	158 
4894	172 
4895	124 
4896	39 
4897	116 
4898	9 
4899	155 
4900	124 
4901	143 
4902	119 
4903	63 
4904	84 
4905	67 
4906	6 
4907	172 
4908	81 
4909	81 
4910	62 
4911	196 
4912	157 
4913	159 
4914	202 
4915	151 
4916	41 
4917	84 
4918	51 
4919	158 
4920	40 
4921	159 
4922	202 
4923	187 
4924	75 
4925	187 
4926	182 
4927	187 
4928	212 
4929	81 
4930	91 
4931	192 
4932	108 
4933	3 
4934	167 
4935	208 
4936	33 
4937	37 
4938	1 
4939	158 
4940	67 
4941	150 
4942	111 
4943	37 
4944	211 
4945	1 
4946	133 
4947	136 
4948	126 
4949	43 
4950	84 
4951	69 
4952	165 
4953	65 
4954	202 
4955	214 
4956	182 
4957	121 
4958	91 
4959	182 
4960	60 
4961	192 
4962	126 
4963	83 
4964	81 
4965	84 
4966	83 
4967	62 
4968	122 
4969	90 
4970	76 
4971	158 
4972	141 
4973	61 
4974	5 
4975	83 
4976	16 
4977	102 
4978	107 
4979	202 
4980	171 
4981	91 
4982	85 
4983	192 
4984	133 
4985	76 
4986	136 
4987	154 
4988	51 
4989	209 
4990	16 
4991	167 
4992	139 
4993	16 
4994	165 
4995	139 
4996	74 
4997	116 
4998	148 
4999	63 
5000	38 
5001	25 
5002	46 
5003	40 
5004	33 
5005	168 
5006	212 
5007	182 
5008	133 
5009	5 
5010	49 
5011	159 
5012	15 
5013	83 
5014	187 
5015	110 
5016	169 
5017	43 
5018	115 
5019	11 
5020	40 
5021	60 
5022	38 
5023	69 
5024	79 
5025	131 
5026	46 
5027	43 
5028	39 
5029	80 
5030	154 
5031	182 
5032	169 
5033	116 
5034	181 
5035	41 
5036	67 
5037	147 
5038	63 
5039	155 
5040	113 
5041	173 
5042	124 
5043	38 
5044	10 
5045	119 
5046	129 
5047	154 
5048	23 
5049	136 
5050	37 
5051	81 
5052	137 
5053	67 
5054	126 
5055	141 
5056	202 
5057	30 
5058	157 
5059	196 
5060	111 
5061	67 
5062	133 
5063	1 
5064	188 
5065	133 
5066	91 
5067	185 
5068	169 
5069	133 
5070	76 
5071	208 
5072	72 
5073	123 
5074	212 
5075	58 
5076	33 
5077	165 
5078	16 
5079	10 
5080	120 
5081	139 
5082	33 
5083	113 
5084	159 
5085	159 
5086	212 
5087	38 
5088	107 
5089	147 
5090	146 
5091	170 
5092	3 
5093	62 
5094	11 
5095	86 
5096	58 
5097	192 
5098	119 
5099	170 
5100	159 
5101	157 
5102	159 
5103	138 
5104	38 
5105	124 
5106	38 
5107	58 
5108	140 
5109	76 
5110	187 
5111	110 
5112	66 
5113	208 
5114	121 
5115	81 
5116	126 
5117	147 
5118	38 
5119	187 
5120	22 
5121	181 
5122	25 
5123	170 
5124	60 
5125	11 
5126	146 
5127	154 
5128	158 
5129	17 
5130	85 
5131	62 
5132	181 
5133	26 
5134	81 
5135	158 
5136	191 
5137	139 
5138	97 
5139	79 
5140	172 
5141	143 
5142	107 
5143	86 
5144	204 
5145	56 
5146	1 
5147	54 
5148	116 
5149	181 
5150	21 
5151	210 
5152	51 
5153	91 
5154	11 
5155	42 
5156	140 
5157	133 
5158	142 
5159	187 
5160	194 
5161	201 
5162	62 
5163	209 
5164	181 
5165	9 
5166	62 
5167	83 
5168	208 
5169	15 
5170	201 
5171	195 
5172	130 
5173	129 
5174	38 
5175	49 
5176	126 
5177	101 
5178	25 
5179	81 
5180	91 
5181	165 
5182	63 
5183	58 
5184	127 
5185	75 
5186	211 
5187	143 
5188	182 
5189	95 
5190	25 
5191	172 
5192	153 
5193	65 
5194	199 
5195	56 
5196	141 
5197	101 
5198	63 
5199	67 
5200	140 
5201	100 
5202	141 
5203	182 
5204	192 
5205	185 
5206	58 
5207	191 
5208	136 
5209	56 
5210	178 
5211	25 
5212	135 
5213	7 
5214	37 
5215	101 
5216	191 
5217	116 
5218	74 
5219	111 
5220	134 
5221	38 
5222	111 
5223	169 
5224	190 
5225	213 
5226	111 
5227	5 
5228	141 
5229	116 
5230	147 
5231	104 
5232	165 
5233	81 
5234	116 
5235	121 
5236	119 
5237	68 
5238	35 
5239	154 
5240	103 
5241	201 
5242	121 
5243	95 
5244	56 
5245	84 
5246	123 
5247	121 
5248	182 
5249	172 
5250	211 
5251	1 
5252	11 
5253	79 
5254	159 
5255	154 
5256	154 
5257	158 
5258	81 
5259	198 
5260	133 
5261	5 
5262	79 
5263	74 
5264	16 
5265	58 
5266	188 
5267	191 
5268	38 
5269	58 
5270	57 
5271	214 
5272	76 
5273	107 
5274	10 
5275	168 
5276	104 
5277	157 
5278	41 
5279	124 
5280	187 
5281	17 
5282	154 
5283	116 
5284	181 
5285	85 
5286	186 
5287	5 
5288	120 
5289	208 
5290	121 
5291	110 
5292	74 
5293	158 
5294	79 
5295	62 
5296	143 
5297	208 
5298	133 
5299	153 
5300	133 
5301	187 
5302	153 
5303	124 
5304	75 
5305	80 
5306	187 
5307	121 
5308	147 
5309	187 
5310	199 
5311	124 
5312	5 
5313	158 
5314	96 
5315	36 
5316	202 
5317	10 
5318	154 
5319	86 
5320	139 
5321	165 
5322	159 
5323	139 
5324	142 
5325	194 
5326	58 
5327	38 
5328	154 
5329	108 
5330	137 
5331	202 
5332	10 
5333	212 
5334	122 
5335	81 
5336	190 
5337	38 
5338	199 
5339	68 
5340	33 
5341	202 
5342	69 
5343	42 
5344	202 
5345	67 
5346	121 
5347	213 
5348	143 
5349	143 
5350	165 
5351	172 
5352	67 
5353	146 
5354	180 
5355	146 
5356	83 
5357	75 
5358	91 
5359	182 
5360	75 
5361	3 
5362	69 
5363	11 
5364	16 
5365	122 
5366	72 
5367	149 
5368	10 
5369	38 
5370	1 
5371	81 
5372	122 
5373	111 
5374	16 
5375	98 
5376	83 
5377	76 
5378	170 
5379	180 
5380	50 
5381	158 
5382	16 
5383	40 
5384	88 
5385	119 
5386	185 
5387	213 
5388	38 
5389	22 
5390	156 
5391	143 
5392	66 
5393	69 
5394	159 
5395	123 
5396	58 
5397	144 
5398	33 
5399	38 
5400	33 
5401	153 
5402	187 
5403	154 
5404	141 
5405	9 
5406	9 
5407	136 
5408	71 
5409	73 
5410	124 
5411	67 
5412	159 
5413	155 
5414	38 
5415	65 
5416	123 
5417	133 
5418	198 
5419	192 
5420	127 
5421	81 
5422	65 
5423	9 
5424	182 
5425	50 
5426	20 
5427	56 
5428	165 
5429	75 
5430	159 
5431	211 
5432	187 
5433	158 
5434	124 
5435	88 
5436	60 
5437	194 
5438	146 
5439	169 
5440	212 
5441	35 
5442	3 
5443	154 
5444	37 
5445	122 
5446	137 
5447	63 
5448	67 
5449	88 
5450	165 
5451	122 
5452	147 
5453	84 
5454	133 
5455	212 
5456	73 
5457	33 
5458	17 
5459	20 
5460	122 
5461	84 
5462	157 
5463	15 
5464	76 
5465	133 
5466	81 
5467	154 
5468	33 
5469	124 
5470	84 
5471	113 
5472	33 
5473	124 
5474	5 
5475	58 
5476	20 
5477	118 
5478	154 
5479	75 
5480	17 
5481	76 
5482	83 
5483	182 
5484	7 
5485	84 
5486	202 
5487	121 
5488	153 
5489	157 
5490	133 
5491	67 
5492	131 
5493	58 
5494	170 
5495	182 
5496	34 
5497	131 
5498	58 
5499	187 
5500	43 
5501	207 
5502	187 
5503	143 
5504	207 
5505	57 
5506	116 
5507	130 
5508	136 
5509	70 
5510	63 
5511	101 
5512	190 
5513	111 
5514	75 
5515	105 
5516	68 
5517	38 
5518	38 
5519	188 
5520	151 
5521	33 
5522	39 
5523	139 
5524	110 
5525	9 
5526	57 
5527	182 
5528	39 
5529	121 
5530	195 
5531	75 
5532	188 
5533	133 
5534	196 
5535	91 
5536	57 
5537	101 
5538	11 
5539	124 
5540	60 
5541	202 
5542	20 
5543	33 
5544	165 
5545	202 
5546	68 
5547	5 
5548	148 
5549	205 
5550	169 
5551	187 
5552	122 
5553	84 
5554	122 
5555	116 
5556	158 
5557	143 
5558	133 
5559	133 
5560	189 
5561	33 
5562	71 
5563	198 
5564	201 
5565	63 
5566	122 
5567	213 
5568	146 
5569	154 
5570	84 
5571	212 
5572	66 
5573	56 
5574	83 
5575	11 
5576	139 
5577	62 
5578	167 
5579	143 
5580	83 
5581	79 
5582	201 
5583	140 
5584	192 
5585	211 
5586	1 
5587	72 
5588	76 
5589	172 
5590	111 
5591	124 
5592	173 
5593	124 
5594	158 
5595	10 
5596	15 
5597	79 
5598	111 
5599	67 
5600	187 
5601	75 
5602	51 
5603	1 
5604	63 
5605	110 
5606	41 
5607	157 
5608	122 
5609	126 
5610	63 
5611	1 
5612	154 
5613	190 
5614	205 
5615	21 
5616	79 
5617	58 
5618	40 
5619	192 
5620	20 
5621	60 
5622	143 
5623	67 
5624	111 
5625	169 
5626	111 
5627	170 
5628	17 
5629	165 
5630	192 
5631	34 
5632	79 
5633	167 
5634	69 
5635	62 
5636	113 
5637	1 
5638	157 
5639	173 
5640	75 
5641	153 
5642	81 
5643	143 
5644	154 
5645	143 
5646	124 
5647	56 
5648	83 
5649	159 
5650	11 
5651	71 
5652	191 
5653	181 
5654	50 
5655	159 
5656	62 
5657	111 
5658	65 
5659	141 
5660	122 
5661	158 
5662	79 
5663	11 
5664	158 
5665	188 
5666	38 
5667	10 
5668	111 
5669	65 
5670	153 
5671	208 
5672	111 
5673	90 
5674	184 
5675	81 
5676	72 
5677	158 
5678	143 
5679	124 
5680	21 
5681	154 
5682	171 
5683	16 
5684	196 
5685	1 
5686	11 
5687	191 
5688	69 
5689	213 
5690	75 
5691	119 
5692	172 
5693	116 
5694	121 
5695	75 
5696	22 
5697	69 
5698	163 
5699	110 
5700	154 
5701	159 
5702	181 
5703	94 
5704	92 
5705	1 
5706	133 
5707	168 
5708	84 
5709	58 
5710	63 
5711	124 
5712	25 
5713	69 
5714	104 
5715	42 
5716	138 
5717	81 
5718	20 
5719	76 
5720	182 
5721	5 
5722	16 
5723	9 
5724	111 
5725	58 
5726	187 
5727	159 
5728	33 
5729	83 
5730	3 
5731	62 
5732	204 
5733	31 
5734	3 
5735	22 
5736	64 
5737	147 
5738	81 
5739	81 
5740	51 
5741	158 
5742	58 
5743	192 
5744	130 
5745	169 
5746	124 
5747	97 
5748	5 
5749	64 
5750	9 
5751	31 
5752	187 
5753	146 
5754	10 
5755	126 
5756	196 
5757	114 
5758	214 
5759	124 
5760	38 
5761	111 
5762	50 
5763	94 
5764	20 
5765	62 
5766	91 
5767	60 
5768	62 
5769	67 
5770	121 
5771	129 
5772	150 
5773	35 
5774	209 
5775	84 
5776	42 
5777	69 
5778	75 
5779	66 
5780	123 
5781	187 
5782	81 
5783	119 
5784	182 
5785	3 
5786	157 
5787	121 
5788	161 
5789	214 
5790	136 
5791	1 
5792	169 
5793	111 
5794	122 
5795	63 
5796	188 
5797	137 
5798	81 
5799	60 
5800	9 
5801	49 
5802	61 
5803	67 
5804	157 
5805	95 
5806	76 
5807	157 
5808	50 
5809	11 
5810	177 
5811	184 
5812	110 
5813	136 
5814	51 
5815	76 
5816	5 
5817	143 
5818	121 
5819	154 
5820	124 
5821	177 
5822	201 
5823	81 
5824	1 
5825	136 
5826	129 
5827	139 
5828	123 
5829	37 
5830	64 
5831	10 
5832	123 
5833	42 
5834	1 
5835	20 
5836	58 
5837	50 
5838	38 
5839	124 
5840	143 
5841	33 
5842	118 
5843	9 
5844	23 
5845	194 
5846	181 
5847	38 
5848	22 
5849	58 
5850	143 
5851	133 
5852	176 
5853	154 
5854	107 
5855	72 
5856	137 
5857	140 
5858	201 
5859	51 
5860	49 
5861	107 
5862	23 
5863	159 
5864	194 
5865	91 
5866	154 
5867	192 
5868	163 
5869	81 
5870	25 
5871	200 
5872	37 
5873	136 
5874	121 
5875	199 
5876	38 
5877	107 
5878	124 
5879	58 
5880	207 
5881	148 
5882	84 
5883	187 
5884	32 
5885	5 
5886	180 
5887	10 
5888	83 
5889	101 
5890	169 
5891	113 
5892	122 
5893	141 
5894	165 
5895	1 
5896	8 
5897	144 
5898	20 
5899	25 
5900	211 
5901	188 
5902	182 
5903	182 
5904	63 
5905	69 
5906	190 
5907	133 
5908	25 
5909	58 
5910	129 
5911	10 
5912	76 
5913	48 
5914	79 
5915	141 
5916	189 
5917	124 
5918	58 
5919	111 
5920	58 
5921	122 
5922	122 
5923	141 
5924	101 
5925	23 
5926	199 
5927	20 
5928	69 
5929	81 
5930	130 
5931	37 
5932	151 
5933	37 
5934	57 
5935	165 
5936	67 
5937	43 
5938	54 
5939	3 
5940	136 
5941	1 
5942	116 
5943	71 
5944	163 
5945	80 
5946	75 
5947	165 
5948	122 
5949	136 
5950	56 
5951	63 
5952	60 
5953	149 
5954	122 
5955	17 
5956	176 
5957	177 
5958	122 
5959	9 
5960	201 
5961	126 
5962	158 
5963	38 
5964	187 
5965	187 
5966	34 
5967	111 
5968	37 
5969	27 
5970	60 
5971	107 
5972	116 
5973	144 
5974	75 
5975	107 
5976	46 
5977	187 
5978	124 
5979	124 
5980	67 
5981	122 
5982	151 
5983	5 
5984	71 
5985	143 
5986	67 
5987	79 
5988	116 
5989	63 
5990	67 
5991	153 
5992	81 
5993	158 
5994	121 
5995	58 
5996	11 
5997	124 
5998	158 
5999	36 
6000	158 
6001	64 
6002	53 
6003	108 
6004	212 
6005	37 
6006	131 
6007	138 
6008	60 
6009	171 
6010	1 
6011	133 
6012	7 
6013	212 
6014	182 
6015	71 
6016	104 
6017	38 
6018	201 
6019	10 
6020	41 
6021	169 
6022	211 
6023	130 
6024	17 
6025	153 
6026	146 
6027	25 
6028	122 
6029	208 
6030	1 
6031	33 
6032	37 
6033	158 
6034	74 
6035	75 
6036	143 
6037	51 
6038	205 
6039	182 
6040	20 
6041	76 
6042	212 
6043	91 
6044	154 
6045	9 
6046	120 
6047	154 
6048	76 
6049	81 
6050	120 
6051	88 
6052	182 
6053	124 
6054	39 
6055	143 
6056	56 
6057	192 
6058	33 
6059	122 
6060	67 
6061	110 
6062	38 
6063	154 
6064	154 
6065	48 
6066	39 
6067	188 
6068	165 
6069	48 
6070	196 
6071	8 
6072	75 
6073	58 
6074	122 
6075	75 
6076	33 
6077	143 
6078	85 
6079	79 
6080	159 
6081	121 
6082	165 
6083	25 
6084	172 
6085	154 
6086	119 
6087	61 
6088	212 
6089	105 
6090	116 
6091	123 
6092	62 
6093	133 
6094	158 
6095	11 
6096	40 
6097	67 
6098	95 
6099	37 
6100	81 
6101	81 
6102	111 
6103	67 
6104	62 
6105	126 
6106	11 
6107	63 
6108	3 
6109	107 
6110	129 
6111	126 
6112	107 
6113	182 
6114	104 
6115	17 
6116	33 
6117	71 
6118	41 
6119	122 
6120	138 
6121	121 
6122	165 
6123	143 
6124	192 
6125	157 
6126	119 
6127	20 
6128	38 
6129	33 
6130	173 
6131	153 
6132	110 
6133	212 
6134	154 
6135	84 
6136	95 
6137	93 
6138	136 
6139	37 
6140	3 
6141	212 
6142	37 
6143	94 
6144	72 
6145	140 
6146	74 
6147	146 
6148	137 
6149	58 
6150	212 
6151	1 
6152	70 
6153	67 
6154	31 
6155	122 
6156	143 
6157	88 
6158	77 
6159	9 
6160	147 
6161	111 
6162	95 
6163	154 
6164	41 
6165	159 
6166	11 
6167	31 
6168	67 
6169	213 
6170	1 
6171	141 
6172	165 
6173	194 
6174	167 
6175	62 
6176	190 
6177	124 
6178	129 
6179	16 
6180	33 
6181	11 
6182	139 
6183	136 
6184	33 
6185	120 
6186	143 
6187	116 
6188	3 
6189	75 
6190	66 
6191	141 
6192	136 
6193	158 
6194	83 
6195	116 
6196	39 
6197	91 
6198	75 
6199	81 
6200	37 
6201	39 
6202	159 
6203	102 
6204	79 
6205	10 
6206	26 
6207	110 
6208	101 
6209	157 
6210	201 
6211	126 
6212	153 
6213	133 
6214	172 
6215	158 
6216	111 
6217	67 
6218	83 
6219	3 
6220	205 
6221	213 
6222	1 
6223	188 
6224	122 
6225	136 
6226	158 
6227	1 
6228	5 
6229	110 
6230	75 
6231	116 
6232	69 
6233	131 
6234	39 
6235	76 
6236	79 
6237	185 
6238	1 
6239	169 
6240	83 
6241	16 
6242	142 
6243	84 
6244	121 
6245	83 
6246	81 
6247	187 
6248	1 
6249	51 
6250	201 
6251	50 
6252	116 
6253	196 
6254	212 
6255	123 
6256	60 
6257	116 
6258	10 
6259	33 
6260	153 
6261	71 
6262	63 
6263	115 
6264	123 
6265	84 
6266	187 
6267	111 
6268	172 
6269	163 
6270	10 
6271	194 
6272	46 
6273	156 
6274	154 
6275	133 
6276	181 
6277	184 
6278	142 
6279	169 
6280	31 
6281	143 
6282	5 
6283	133 
6284	211 
6285	103 
6286	16 
6287	159 
6288	119 
6289	67 
6290	83 
6291	11 
6292	56 
6293	16 
6294	187 
6295	201 
6296	84 
6297	38 
6298	75 
6299	3 
6300	136 
6301	202 
6302	212 
6303	147 
6304	190 
6305	209 
6306	133 
6307	158 
6308	116 
6309	122 
6310	157 
6311	190 
6312	113 
6313	136 
6314	143 
6315	37 
6316	123 
6317	81 
6318	185 
6319	20 
6320	202 
6321	111 
6322	41 
6323	115 
6324	139 
6325	33 
6326	136 
6327	33 
6328	187 
6329	136 
6330	202 
6331	137 
6332	189 
6333	57 
6334	121 
6335	76 
6336	126 
6337	156 
6338	141 
6339	180 
6340	20 
6341	110 
6342	163 
6343	158 
6344	75 
6345	139 
6346	69 
6347	133 
6348	133 
6349	80 
6350	139 
6351	136 
6352	90 
6353	187 
6354	122 
6355	21 
6356	37 
6357	188 
6358	212 
6359	69 
6360	189 
6361	67 
6362	41 
6363	38 
6364	181 
6365	108 
6366	11 
6367	27 
6368	154 
6369	20 
6370	95 
6371	167 
6372	200 
6373	192 
6374	93 
6375	124 
6376	40 
6377	63 
6378	122 
6379	69 
6380	196 
6381	185 
6382	195 
6383	136 
6384	81 
6385	62 
6386	192 
6387	198 
6388	192 
6389	213 
6390	121 
6391	124 
6392	110 
6393	129 
6394	119 
6395	16 
6396	129 
6397	119 
6398	67 
6399	37 
6400	6 
6401	67 
6402	122 
6403	38 
6404	58 
6405	84 
6406	209 
6407	212 
6408	111 
6409	76 
6410	105 
6411	158 
6412	10 
6413	83 
6414	68 
6415	3 
6416	154 
6417	189 
6418	71 
6419	114 
6420	212 
6421	49 
6422	123 
6423	122 
6424	86 
6425	137 
6426	20 
6427	41 
6428	8 
6429	10 
6430	129 
6431	119 
6432	122 
6433	51 
6434	143 
6435	121 
6436	88 
6437	157 
6438	67 
6439	58 
6440	124 
6441	43 
6442	79 
6443	25 
6444	133 
6445	50 
6446	107 
6447	63 
6448	58 
6449	124 
6450	9 
6451	142 
6452	111 
6453	143 
6454	200 
6455	69 
6456	10 
6457	177 
6458	5 
6459	154 
6460	124 
6461	7 
6462	208 
6463	17 
6464	141 
6465	5 
6466	16 
6467	146 
6468	113 
6469	198 
6470	110 
6471	143 
6472	46 
6473	124 
6474	136 
6475	11 
6476	83 
6477	124 
6478	195 
6479	111 
6480	62 
6481	5 
6482	61 
6483	189 
6484	187 
6485	67 
6486	1 
6487	121 
6488	116 
6489	47 
6490	79 
6491	1 
6492	15 
6493	63 
6494	205 
6495	30 
6496	90 
6497	110 
6498	136 
6499	65 
6500	184 
6501	79 
6502	107 
6503	192 
6504	154 
6505	165 
6506	146 
6507	121 
6508	187 
6509	113 
6510	122 
6511	133 
6512	86 
6513	103 
6514	187 
6515	154 
6516	199 
6517	111 
6518	158 
6519	88 
6520	199 
6521	210 
6522	1 
6523	122 
6524	136 
6525	40 
6526	30 
6527	143 
6528	22 
6529	115 
6530	181 
6531	167 
6532	15 
6533	1 
6534	20 
6535	133 
6536	124 
6537	121 
6538	134 
6539	143 
6540	81 
6541	107 
6542	187 
6543	56 
6544	192 
6545	65 
6546	141 
6547	40 
6548	81 
6549	172 
6550	211 
6551	201 
6552	75 
6553	30 
6554	187 
6555	20 
6556	79 
6557	7 
6558	33 
6559	9 
6560	210 
6561	158 
6562	136 
6563	25 
6564	97 
6565	154 
6566	167 
6567	171 
6568	6 
6569	182 
6570	42 
6571	202 
6572	3 
6573	165 
6574	33 
6575	7 
6576	195 
6577	38 
6578	62 
6579	205 
6580	69 
6581	157 
6582	181 
6583	111 
6584	185 
6585	159 
6586	5 
6587	201 
6588	154 
6589	146 
6590	62 
6591	139 
6592	143 
6593	84 
6594	40 
6595	161 
6596	167 
6597	38 
6598	208 
6599	9 
6600	101 
6601	22 
6602	32 
6603	130 
6604	172 
6605	84 
6606	194 
6607	36 
6608	10 
6609	185 
6610	74 
6611	71 
6612	37 
6613	198 
6614	1 
6615	5 
6616	133 
6617	157 
6618	201 
6619	196 
6620	67 
6621	141 
6622	27 
6623	118 
6624	187 
6625	105 
6626	158 
6627	88 
6628	187 
6629	140 
6630	196 
6631	67 
6632	81 
6633	63 
6634	158 
6635	165 
6636	139 
6637	107 
6638	56 
6639	85 
6640	158 
6641	188 
6642	212 
6643	56 
6644	113 
6645	182 
6646	11 
6647	192 
6648	129 
6649	123 
6650	111 
6651	153 
6652	16 
6653	63 
6654	74 
6655	167 
6656	130 
6657	3 
6658	56 
6659	1 
6660	83 
6661	136 
6662	80 
6663	124 
6664	131 
6665	188 
6666	170 
6667	194 
6668	122 
6669	67 
6670	8 
6671	5 
6672	38 
6673	200 
6674	210 
6675	67 
6676	20 
6677	70 
6678	129 
6679	187 
6680	62 
6681	84 
6682	187 
6683	120 
6684	133 
6685	158 
6686	157 
6687	213 
6688	154 
6689	42 
6690	213 
6691	5 
6692	201 
6693	57 
6694	16 
6695	141 
6696	66 
6697	38 
6698	143 
6699	136 
6700	5 
6701	40 
6702	182 
6703	124 
6704	30 
6705	154 
6706	122 
6707	192 
6708	3 
6709	195 
6710	170 
6711	16 
6712	5 
6713	158 
6714	121 
6715	167 
6716	190 
6717	71 
6718	133 
6719	153 
6720	94 
6721	169 
6722	5 
6723	143 
6724	83 
6725	107 
6726	64 
6727	10 
6728	133 
6729	58 
6730	123 
6731	111 
6732	16 
6733	38 
6734	34 
6735	136 
6736	41 
6737	69 
6738	64 
6739	1 
6740	201 
6741	38 
6742	97 
6743	187 
6744	94 
6745	69 
6746	211 
6747	201 
6748	105 
6749	169 
6750	205 
6751	134 
6752	142 
6753	142 
6754	165 
6755	110 
6756	124 
6757	129 
6758	122 
6759	39 
6760	204 
6761	76 
6762	49 
6763	133 
6764	187 
6765	116 
6766	62 
6767	37 
6768	157 
6769	192 
6770	181 
6771	15 
6772	209 
6773	33 
6774	39 
6775	83 
6776	205 
6777	81 
6778	124 
6779	190 
6780	116 
6781	161 
6782	58 
6783	90 
6784	212 
6785	202 
6786	56 
6787	108 
6788	154 
6789	94 
6790	20 
6791	189 
6792	195 
6793	62 
6794	121 
6795	209 
6796	201 
6797	167 
6798	20 
6799	194 
6800	154 
6801	111 
6802	22 
6803	201 
6804	25 
6805	21 
6806	139 
6807	38 
6808	158 
6809	10 
6810	169 
6811	159 
6812	212 
6813	136 
6814	62 
6815	192 
6816	173 
6817	84 
6818	76 
6819	126 
6820	16 
6821	71 
6822	161 
6823	187 
6824	102 
6825	133 
6826	25 
6827	48 
6828	84 
6829	63 
6830	37 
6831	133 
6832	165 
6833	143 
6834	79 
6835	129 
6836	121 
6837	56 
6838	157 
6839	5 
6840	110 
6841	76 
6842	212 
6843	83 
6844	83 
6845	190 
6846	91 
6847	10 
6848	10 
6849	202 
6850	54 
6851	84 
6852	172 
6853	116 
6854	7 
6855	214 
6856	9 
6857	62 
6858	56 
6859	147 
6860	212 
6861	111 
6862	11 
6863	10 
6864	83 
6865	81 
6866	190 
6867	37 
6868	58 
6869	20 
6870	188 
6871	3 
6872	170 
6873	20 
6874	40 
6875	169 
6876	144 
6877	38 
6878	81 
6879	154 
6880	20 
6881	158 
6882	153 
6883	86 
6884	129 
6885	154 
6886	33 
6887	3 
6888	156 
6889	83 
6890	158 
6891	1 
6892	147 
6893	202 
6894	157 
6895	94 
6896	191 
6897	202 
6898	107 
6899	165 
6900	122 
6901	136 
6902	84 
6903	101 
6904	63 
6905	83 
6906	208 
6907	85 
6908	187 
6909	121 
6910	41 
6911	136 
6912	192 
6913	66 
6914	61 
6915	139 
6916	185 
6917	169 
6918	40 
6919	76 
6920	105 
6921	66 
6922	33 
6923	154 
6924	69 
6925	181 
6926	91 
6927	60 
6928	60 
6929	182 
6930	207 
6931	181 
6932	16 
6933	79 
6934	1 
6935	159 
6936	202 
6937	95 
6938	107 
6939	76 
6940	38 
6941	41 
6942	34 
6943	81 
6944	124 
6945	165 
6946	16 
6947	5 
6948	158 
6949	187 
6950	188 
6951	110 
6952	15 
6953	114 
6954	111 
6955	32 
6956	38 
6957	63 
6958	81 
6959	181 
6960	182 
6961	191 
6962	51 
6963	124 
6964	84 
6965	69 
6966	101 
6967	25 
6968	113 
6969	123 
6970	136 
6971	137 
6972	68 
6973	76 
6974	126 
6975	198 
6976	16 
6977	170 
6978	134 
6979	5 
6980	72 
6981	171 
6982	143 
6983	122 
6984	158 
6985	88 
6986	17 
6987	129 
6988	91 
6989	104 
6990	190 
6991	180 
6992	60 
6993	72 
6994	180 
6995	201 
6996	67 
6997	113 
6998	66 
6999	158 
7000	129 
7001	143 
7002	37 
7003	97 
7004	192 
7005	201 
7006	139 
7007	192 
7008	56 
7009	169 
7010	121 
7011	214 
7012	33 
7013	212 
7014	113 
7015	116 
7016	101 
7017	88 
7018	152 
7019	21 
7020	107 
7021	61 
7022	101 
7023	67 
7024	201 
7025	67 
7026	158 
7027	158 
7028	51 
7029	121 
7030	111 
7031	71 
7032	15 
7033	69 
7034	38 
7035	154 
7036	133 
7037	126 
7038	121 
7039	211 
7040	107 
7041	86 
7042	5 
7043	133 
7044	10 
7045	84 
7046	81 
7047	140 
7048	81 
7049	158 
7050	33 
7051	187 
7052	143 
7053	25 
7054	133 
7055	90 
7056	209 
7057	153 
7058	146 
7059	130 
7060	103 
7061	63 
7062	79 
7063	146 
7064	95 
7065	187 
7066	63 
7067	122 
7068	79 
7069	3 
7070	121 
7071	46 
7072	154 
7073	85 
7074	69 
7075	138 
7076	41 
7077	76 
7078	66 
7079	25 
7080	116 
7081	72 
7082	165 
7083	182 
7084	83 
7085	83 
7086	212 
7087	22 
7088	67 
7089	62 
7090	81 
7091	6 
7092	140 
7093	5 
7094	159 
7095	158 
7096	63 
7097	139 
7098	58 
7099	107 
7100	154 
7101	113 
7102	165 
7103	101 
7104	152 
7105	201 
7106	167 
7107	122 
7108	91 
7109	11 
7110	85 
7111	209 
7112	210 
7113	212 
7114	50 
7115	61 
7116	41 
7117	143 
7118	7 
7119	38 
7120	143 
7121	34 
7122	69 
7123	172 
7124	136 
7125	1 
7126	130 
7127	192 
7128	158 
7129	169 
7130	141 
7131	170 
7132	38 
7133	50 
7134	121 
7135	115 
7136	90 
7137	182 
7138	171 
7139	169 
7140	136 
7141	91 
7142	202 
7143	201 
7144	213 
7145	81 
7146	161 
7147	67 
7148	58 
7149	111 
7150	187 
7151	148 
7152	91 
7153	67 
7154	60 
7155	76 
7156	190 
7157	157 
7158	198 
7159	121 
7160	67 
7161	17 
7162	71 
7163	54 
7164	33 
7165	17 
7166	66 
7167	107 
7168	11 
7169	33 
7170	101 
7171	49 
7172	212 
7173	71 
7174	144 
7175	85 
7176	71 
7177	93 
7178	157 
7179	154 
7180	75 
7181	172 
7182	94 
7183	172 
7184	81 
7185	123 
7186	10 
7187	158 
7188	134 
7189	119 
7190	119 
7191	169 
7192	167 
7193	9 
7194	75 
7195	187 
7196	118 
7197	172 
7198	85 
7199	143 
7200	10 
7201	76 
7202	37 
7203	64 
7204	157 
7205	111 
7206	113 
7207	107 
7208	64 
7209	181 
7210	75 
7211	111 
7212	111 
7213	11 
7214	144 
7215	209 
7216	63 
7217	22 
7218	69 
7219	153 
7220	67 
7221	192 
7222	116 
7223	58 
7224	188 
7225	143 
7226	181 
7227	63 
7228	67 
7229	209 
7230	111 
7231	56 
7232	58 
7233	159 
7234	201 
7235	158 
7236	192 
7237	212 
7238	33 
7239	136 
7240	25 
7241	187 
7242	133 
7243	5 
7244	169 
7245	17 
7246	66 
7247	140 
7248	191 
7249	67 
7250	123 
7251	69 
7252	161 
7253	105 
7254	51 
7255	137 
7256	81 
7257	61 
7258	85 
7259	84 
7260	50 
7261	167 
7262	75 
7263	202 
7264	122 
7265	79 
7266	76 
7267	30 
7268	172 
7269	149 
7270	94 
7271	75 
7272	111 
7273	16 
7274	75 
7275	159 
7276	113 
7277	5 
7278	201 
7279	192 
7280	191 
7281	159 
7282	38 
7283	37 
7284	146 
7285	111 
7286	189 
7287	158 
7288	20 
7289	38 
7290	113 
7291	41 
7292	66 
7293	75 
7294	116 
7295	32 
7296	121 
7297	46 
7298	118 
7299	15 
7300	124 
7301	17 
7302	200 
7303	116 
7304	50 
7305	205 
7306	123 
7307	143 
7308	173 
7309	37 
7310	107 
7311	58 
7312	51 
7313	3 
7314	16 
7315	57 
7316	165 
7317	187 
7318	67 
7319	124 
7320	103 
7321	139 
7322	90 
7323	17 
7324	40 
7325	11 
7326	171 
7327	90 
7328	187 
7329	51 
7330	134 
7331	69 
7332	62 
7333	3 
7334	33 
7335	169 
7336	81 
7337	10 
7338	80 
7339	120 
7340	67 
7341	95 
7342	208 
7343	143 
7344	84 
7345	81 
7346	139 
7347	17 
7348	72 
7349	85 
7350	50 
7351	212 
7352	1 
7353	192 
7354	37 
7355	74 
7356	104 
7357	158 
7358	51 
7359	37 
7360	57 
7361	110 
7362	159 
7363	1 
7364	123 
7365	147 
7366	146 
7367	116 
7368	195 
7369	107 
7370	84 
7371	133 
7372	107 
7373	147 
7374	136 
7375	91 
7376	209 
7377	62 
7378	62 
7379	192 
7380	170 
7381	161 
7382	194 
7383	71 
7384	38 
7385	91 
7386	57 
7387	38 
7388	180 
7389	71 
7390	141 
7391	84 
7392	169 
7393	204 
7394	74 
7395	66 
7396	114 
7397	163 
7398	158 
7399	121 
7400	67 
7401	159 
7402	69 
7403	3 
7404	5 
7405	137 
7406	57 
7407	62 
7408	185 
7409	211 
7410	31 
7411	90 
7412	213 
7413	27 
7414	41 
7415	129 
7416	69 
7417	182 
7418	170 
7419	212 
7420	60 
7421	60 
7422	158 
7423	79 
7424	121 
7425	54 
7426	38 
7427	159 
7428	79 
7429	81 
7430	124 
7431	190 
7432	16 
7433	124 
7434	143 
7435	5 
7436	93 
7437	72 
7438	107 
7439	11 
7440	122 
7441	169 
7442	40 
7443	121 
7444	72 
7445	118 
7446	76 
7447	62 
7448	72 
7449	38 
7450	10 
7451	104 
7452	1 
7453	212 
7454	143 
7455	157 
7456	143 
7457	41 
7458	33 
7459	136 
7460	147 
7461	187 
7462	37 
7463	156 
7464	5 
7465	3 
7466	169 
7467	180 
7468	75 
7469	187 
7470	71 
7471	154 
7472	182 
7473	139 
7474	75 
7475	38 
7476	110 
7477	152 
7478	212 
7479	75 
7480	121 
7481	64 
7482	75 
7483	54 
7484	122 
7485	107 
7486	129 
7487	62 
7488	116 
7489	17 
7490	141 
7491	201 
7492	158 
7493	76 
7494	172 
7495	142 
7496	69 
7497	16 
7498	158 
7499	39 
7500	143 
7501	1 
7502	154 
7503	157 
7504	31 
7505	46 
7506	33 
7507	5 
7508	208 
7509	113 
7510	141 
7511	201 
7512	129 
7513	157 
7514	76 
7515	88 
7516	133 
7517	192 
7518	157 
7519	111 
7520	129 
7521	165 
7522	107 
7523	181 
7524	212 
7525	95 
7526	37 
7527	158 
7528	111 
7529	121 
7530	147 
7531	40 
7532	209 
7533	38 
7534	211 
7535	159 
7536	133 
7537	56 
7538	75 
7539	83 
7540	8 
7541	38 
7542	170 
7543	143 
7544	136 
7545	63 
7546	118 
7547	33 
7548	124 
7549	154 
7550	167 
7551	210 
7552	116 
7553	121 
7554	75 
7555	62 
7556	116 
7557	154 
7558	74 
7559	21 
7560	33 
7561	187 
7562	31 
7563	147 
7564	7 
7565	81 
7566	60 
7567	63 
7568	212 
7569	1 
7570	8 
7571	56 
7572	140 
7573	63 
7574	9 
7575	121 
7576	107 
7577	124 
7578	91 
7579	81 
7580	37 
7581	165 
7582	154 
7583	38 
7584	133 
7585	202 
7586	143 
7587	133 
7588	136 
7589	182 
7590	74 
7591	107 
7592	22 
7593	41 
7594	118 
7595	111 
7596	111 
7597	38 
7598	124 
7599	143 
7600	80 
7601	194 
7602	190 
7603	119 
7604	171 
7605	16 
7606	212 
7607	213 
7608	130 
7609	140 
7610	9 
7611	38 
7612	129 
7613	51 
7614	69 
7615	37 
7616	202 
7617	56 
7618	7 
7619	167 
7620	137 
7621	43 
7622	81 
7623	122 
7624	161 
7625	137 
7626	15 
7627	187 
7628	205 
7629	140 
7630	134 
7631	37 
7632	121 
7633	205 
7634	37 
7635	212 
7636	143 
7637	167 
7638	133 
7639	143 
7640	107 
7641	84 
7642	177 
7643	121 
7644	7 
7645	5 
7646	129 
7647	33 
7648	115 
7649	83 
7650	124 
7651	130 
7652	158 
7653	90 
7654	56 
7655	202 
7656	41 
7657	182 
7658	124 
7659	192 
7660	133 
7661	188 
7662	143 
7663	20 
7664	124 
7665	9 
7666	86 
7667	154 
7668	107 
7669	38 
7670	66 
7671	192 
7672	136 
7673	49 
7674	111 
7675	158 
7676	143 
7677	111 
7678	185 
7679	5 
7680	17 
7681	22 
7682	146 
7683	107 
7684	67 
7685	76 
7686	187 
7687	81 
7688	75 
7689	58 
7690	83 
7691	205 
7692	202 
7693	71 
7694	21 
7695	1 
7696	192 
7697	41 
7698	116 
7699	91 
7700	111 
7701	173 
7702	75 
7703	37 
7704	195 
7705	81 
7706	139 
7707	133 
7708	210 
7709	94 
7710	191 
7711	88 
7712	212 
7713	58 
7714	5 
7715	154 
7716	110 
7717	194 
7718	169 
7719	102 
7720	79 
7721	11 
7722	131 
7723	22 
7724	67 
7725	72 
7726	54 
7727	95 
7728	37 
7729	201 
7730	212 
7731	83 
7732	147 
7733	187 
7734	172 
7735	198 
7736	143 
7737	11 
7738	81 
7739	54 
7740	189 
7741	20 
7742	115 
7743	91 
7744	83 
7745	33 
7746	191 
7747	157 
7748	42 
7749	42 
7750	123 
7751	62 
7752	110 
7753	129 
7754	50 
7755	158 
7756	124 
7757	16 
7758	91 
7759	212 
7760	142 
7761	191 
7762	63 
7763	16 
7764	147 
7765	84 
7766	81 
7767	143 
7768	208 
7769	115 
7770	79 
7771	111 
7772	11 
7773	158 
7774	33 
7775	37 
7776	38 
7777	191 
7778	208 
7779	198 
7780	56 
7781	190 
7782	11 
7783	212 
7784	189 
7785	147 
7786	81 
7787	185 
7788	124 
7789	90 
7790	202 
7791	67 
7792	57 
7793	113 
7794	17 
7795	187 
7796	58 
7797	143 
7798	126 
7799	3 
7800	37 
7801	33 
7802	33 
7803	139 
7804	158 
7805	40 
7806	182 
7807	79 
7808	11 
7809	213 
7810	103 
7811	136 
7812	74 
7813	83 
7814	154 
7815	63 
7816	83 
7817	107 
7818	61 
7819	58 
7820	60 
7821	37 
7822	110 
7823	180 
7824	121 
7825	94 
7826	157 
7827	56 
7828	75 
7829	202 
7830	61 
7831	191 
7832	137 
7833	201 
7834	121 
7835	10 
7836	129 
7837	72 
7838	121 
7839	192 
7840	187 
7841	121 
7842	118 
7843	111 
7844	187 
7845	94 
7846	62 
7847	57 
7848	141 
7849	68 
7850	110 
7851	136 
7852	133 
7853	113 
7854	39 
7855	9 
7856	173 
7857	37 
7858	154 
7859	3 
7860	7 
7861	143 
7862	91 
7863	182 
7864	122 
7865	137 
7866	143 
7867	180 
7868	63 
7869	136 
7870	9 
7871	121 
7872	71 
7873	72 
7874	165 
7875	33 
7876	107 
7877	10 
7878	83 
7879	154 
7880	103 
7881	88 
7882	81 
7883	182 
7884	7 
7885	46 
7886	211 
7887	67 
7888	124 
7889	159 
7890	190 
7891	122 
7892	191 
7893	94 
7894	122 
7895	116 
7896	84 
7897	56 
7898	180 
7899	17 
7900	38 
7901	192 
7902	110 
7903	16 
7904	111 
7905	195 
7906	17 
7907	126 
7908	91 
7909	153 
7910	33 
7911	153 
7912	69 
7913	111 
7914	25 
7915	22 
7916	3 
7917	40 
7918	122 
7919	80 
7920	31 
7921	111 
7922	111 
7923	50 
7924	158 
7925	158 
7926	110 
7927	38 
7928	190 
7929	131 
7930	50 
7931	71 
7932	167 
7933	201 
7934	9 
7935	195 
7936	10 
7937	157 
7938	154 
7939	129 
7940	115 
7941	63 
7942	192 
7943	38 
7944	158 
7945	11 
7946	143 
7947	5 
7948	56 
7949	74 
7950	133 
7951	84 
7952	17 
7953	134 
7954	83 
7955	63 
7956	102 
7957	105 
7958	192 
7959	149 
7960	212 
7961	75 
7962	71 
7963	54 
7964	75 
7965	62 
7966	172 
7967	116 
7968	107 
7969	133 
7970	11 
7971	170 
7972	195 
7973	69 
7974	25 
7975	212 
7976	83 
7977	21 
7978	9 
7979	116 
7980	121 
7981	67 
7982	1 
7983	72 
7984	124 
7985	107 
7986	75 
7987	143 
7988	136 
7989	180 
7990	146 
7991	165 
7992	84 
7993	172 
7994	63 
7995	38 
7996	81 
7997	213 
7998	75 
7999	111 
8000	107 
8001	158 
8002	91 
8003	75 
8004	37 
8005	37 
8006	116 
8007	137 
8008	129 
8009	111 
8010	143 
8011	10 
8012	39 
8013	136 
8014	111 
8015	147 
8016	108 
8017	63 
8018	33 
8019	157 
8020	37 
8021	119 
8022	118 
8023	76 
8024	154 
8025	51 
8026	51 
8027	157 
8028	120 
8029	130 
8030	180 
8031	118 
8032	5 
8033	116 
8034	181 
8035	30 
8036	37 
8037	67 
8038	143 
8039	38 
8040	66 
8041	208 
8042	181 
8043	16 
8044	56 
8045	5 
8046	147 
8047	39 
8048	143 
8049	58 
8050	101 
8051	111 
8052	122 
8053	69 
8054	173 
8055	170 
8056	95 
8057	181 
8058	131 
8059	42 
8060	142 
8061	147 
8062	158 
8063	210 
8064	79 
8065	139 
8066	141 
8067	16 
8068	38 
8069	62 
8070	115 
8071	173 
8072	182 
8073	10 
8074	42 
8075	182 
8076	67 
8077	190 
8078	39 
8079	17 
8080	74 
8081	149 
8082	180 
8083	110 
8084	187 
8085	198 
8086	105 
8087	124 
8088	38 
8089	120 
8090	170 
8091	101 
8092	192 
8093	50 
8094	50 
8095	9 
8096	67 
8097	198 
8098	56 
8099	140 
8100	119 
8101	25 
8102	81 
8103	108 
8104	121 
8105	192 
8106	107 
8107	192 
8108	143 
8109	143 
8110	51 
8111	113 
8112	124 
8113	62 
8114	191 
8115	21 
8116	122 
8117	211 
8118	9 
8119	103 
8120	171 
8121	107 
8122	37 
8123	67 
8124	191 
8125	91 
8126	67 
8127	111 
8128	102 
8129	182 
8130	113 
8131	189 
8132	104 
8133	110 
8134	22 
8135	76 
8136	66 
8137	192 
8138	182 
8139	158 
8140	62 
8141	103 
8142	136 
8143	122 
8144	111 
8145	41 
8146	63 
8147	188 
8148	201 
8149	62 
8150	41 
8151	194 
8152	126 
8153	108 
8154	81 
8155	122 
8156	95 
8157	34 
8158	38 
8159	201 
8160	137 
8161	1 
8162	121 
8163	124 
8164	147 
8165	122 
8166	22 
8167	157 
8168	157 
8169	67 
8170	95 
8171	187 
8172	75 
8173	37 
8174	51 
8175	91 
8176	139 
8177	143 
8178	5 
8179	105 
8180	72 
8181	170 
8182	58 
8183	62 
8184	129 
8185	50 
8186	111 
8187	66 
8188	16 
8189	143 
8190	121 
8191	83 
8192	126 
8193	189 
8194	136 
8195	108 
8196	153 
8197	91 
8198	83 
8199	211 
8200	177 
8201	201 
8202	124 
8203	195 
8204	209 
8205	33 
8206	211 
8207	33 
8208	191 
8209	147 
8210	129 
8211	181 
8212	75 
8213	5 
8214	41 
8215	71 
8216	188 
8217	212 
8218	84 
8219	104 
8220	56 
8221	172 
8222	169 
8223	105 
8224	190 
8225	129 
8226	48 
8227	94 
8228	1 
8229	94 
8230	165 
8231	40 
8232	69 
8233	116 
8234	3 
8235	46 
8236	46 
8237	146 
8238	39 
8239	103 
8240	113 
8241	121 
8242	16 
8243	143 
8244	129 
8245	129 
8246	7 
8247	71 
8248	40 
8249	49 
8250	129 
8251	211 
8252	107 
8253	76 
8254	63 
8255	212 
8256	172 
8257	192 
8258	202 
8259	83 
8260	116 
8261	25 
8262	58 
8263	37 
8264	143 
8265	75 
8266	192 
8267	76 
8268	121 
8269	3 
8270	190 
8271	42 
8272	182 
8273	41 
8274	124 
8275	167 
8276	167 
8277	202 
8278	153 
8279	118 
8280	49 
8281	159 
8282	61 
8283	1 
8284	67 
8285	58 
8286	41 
8287	121 
8288	75 
8289	94 
8290	66 
8291	25 
8292	40 
8293	63 
8294	3 
8295	1 
8296	211 
8297	191 
8298	40 
8299	198 
8300	101 
8301	50 
8302	121 
8303	56 
8304	212 
8305	123 
8306	191 
8307	136 
8308	16 
8309	67 
8310	195 
8311	16 
8312	140 
8313	123 
8314	189 
8315	90 
8316	101 
8317	81 
8318	154 
8319	107 
8320	110 
8321	180 
8322	95 
8323	81 
8324	195 
8325	202 
8326	185 
8327	143 
8328	91 
8329	74 
8330	69 
8331	16 
8332	11 
8333	5 
8334	83 
8335	69 
8336	143 
8337	83 
8338	154 
8339	133 
8340	84 
8341	86 
8342	191 
8343	212 
8344	182 
8345	124 
8346	199 
8347	9 
8348	134 
8349	107 
8350	119 
8351	165 
8352	79 
8353	154 
8354	88 
8355	50 
8356	158 
8357	58 
8358	107 
8359	159 
8360	159 
8361	122 
8362	159 
8363	58 
8364	83 
8365	91 
8366	211 
8367	84 
8368	122 
8369	187 
8370	39 
8371	76 
8372	107 
8373	141 
8374	146 
8375	90 
8376	158 
8377	63 
8378	111 
8379	158 
8380	1 
8381	187 
8382	122 
8383	69 
8384	75 
8385	169 
8386	190 
8387	62 
8388	60 
8389	76 
8390	81 
8391	94 
8392	116 
8393	104 
8394	64 
8395	38 
8396	9 
8397	133 
8398	20 
8399	157 
8400	66 
8401	76 
8402	188 
8403	72 
8404	141 
8405	119 
8406	94 
8407	126 
8408	141 
8409	95 
8410	119 
8411	209 
8412	131 
8413	7 
8414	83 
8415	1 
8416	1 
8417	1 
8418	158 
8419	122 
8420	21 
8421	33 
8422	76 
8423	188 
8424	143 
8425	107 
8426	63 
8427	39 
8428	79 
8429	39 
8430	136 
8431	185 
8432	139 
8433	38 
8434	111 
8435	122 
8436	121 
8437	56 
8438	67 
8439	1 
8440	7 
8441	157 
8442	38 
8443	67 
8444	136 
8445	63 
8446	205 
8447	157 
8448	58 
8449	211 
8450	11 
8451	81 
8452	62 
8453	16 
8454	16 
8455	133 
8456	188 
8457	146 
8458	25 
8459	66 
8460	141 
8461	192 
8462	201 
8463	38 
8464	199 
8465	195 
8466	124 
8467	154 
8468	7 
8469	185 
8470	107 
8471	38 
8472	202 
8473	158 
8474	167 
8475	5 
8476	38 
8477	5 
8478	196 
8479	213 
8480	212 
8481	192 
8482	16 
8483	137 
8484	81 
8485	111 
8486	20 
8487	54 
8488	187 
8489	33 
8490	56 
8491	1 
8492	202 
8493	76 
8494	107 
8495	84 
8496	192 
8497	11 
8498	62 
8499	58 
8500	172 
8501	81 
8502	158 
8503	121 
8504	141 
8505	202 
8506	63 
8507	171 
8508	196 
8509	190 
8510	1 
8511	63 
8512	76 
8513	187 
8514	189 
8515	107 
8516	79 
8517	101 
8518	119 
8519	76 
8520	136 
8521	180 
8522	63 
8523	202 
8524	16 
8525	211 
8526	154 
8527	192 
8528	119 
8529	190 
8530	75 
8531	81 
8532	147 
8533	49 
8534	81 
8535	201 
8536	205 
8537	1 
8538	136 
8539	61 
8540	95 
8541	212 
8542	66 
8543	190 
8544	198 
8545	57 
8546	158 
8547	16 
8548	121 
8549	25 
8550	143 
8551	143 
8552	67 
8553	170 
8554	129 
8555	143 
8556	67 
8557	81 
8558	116 
8559	182 
8560	192 
8561	165 
8562	1 
8563	136 
8564	202 
8565	159 
8566	111 
8567	111 
8568	136 
8569	11 
8570	65 
8571	17 
8572	51 
8573	180 
8574	124 
8575	21 
8576	37 
8577	182 
8578	79 
8579	159 
8580	42 
8581	123 
8582	141 
8583	133 
8584	66 
8585	62 
8586	136 
8587	107 
8588	139 
8589	171 
8590	172 
8591	62 
8592	133 
8593	65 
8594	133 
8595	3 
8596	38 
8597	62 
8598	9 
8599	124 
8600	5 
8601	85 
8602	94 
8603	143 
8604	94 
8605	126 
8606	139 
8607	62 
8608	143 
8609	49 
8610	137 
8611	91 
8612	157 
8613	9 
8614	67 
8615	76 
8616	101 
8617	79 
8618	75 
8619	201 
8620	62 
8621	139 
8622	41 
8623	62 
8624	188 
8625	143 
8626	58 
8627	129 
8628	37 
8629	146 
8630	79 
8631	124 
8632	126 
8633	107 
8634	119 
8635	40 
8636	33 
8637	159 
8638	118 
8639	159 
8640	181 
8641	94 
8642	167 
8643	209 
8644	10 
8645	185 
8646	129 
8647	20 
8648	136 
8649	7 
8650	74 
8651	172 
8652	133 
8653	194 
8654	25 
8655	69 
8656	172 
8657	147 
8658	90 
8659	157 
8660	56 
8661	71 
8662	158 
8663	17 
8664	83 
8665	1 
8666	33 
8667	198 
8668	116 
8669	192 
8670	137 
8671	84 
8672	84 
8673	88 
8674	63 
8675	124 
8676	142 
8677	63 
8678	84 
8679	81 
8680	137 
8681	37 
8682	3 
8683	201 
8684	33 
8685	188 
8686	190 
8687	57 
8688	75 
8689	116 
8690	189 
8691	119 
8692	58 
8693	133 
8694	121 
8695	49 
8696	79 
8697	81 
8698	85 
8699	38 
8700	5 
8701	51 
8702	76 
8703	194 
8704	211 
8705	38 
8706	11 
8707	133 
8708	212 
8709	143 
8710	63 
8711	205 
8712	212 
8713	122 
8714	116 
8715	81 
8716	147 
8717	116 
8718	211 
8719	192 
8720	101 
8721	180 
8722	40 
8723	94 
8724	182 
8725	205 
8726	95 
8727	173 
8728	94 
8729	209 
8730	158 
8731	67 
8732	63 
8733	124 
8734	167 
8735	159 
8736	136 
8737	38 
8738	116 
8739	133 
8740	72 
8741	33 
8742	133 
8743	133 
8744	202 
8745	111 
8746	143 
8747	66 
8748	16 
8749	133 
8750	9 
8751	202 
8752	67 
8753	90 
8754	38 
8755	75 
8756	63 
8757	62 
8758	182 
8759	208 
8760	61 
8761	124 
8762	187 
8763	165 
8764	1 
8765	58 
8766	56 
8767	86 
8768	198 
8769	101 
8770	72 
8771	37 
8772	187 
8773	188 
8774	25 
8775	191 
8776	67 
8777	1 
8778	62 
8779	69 
8780	182 
8781	17 
8782	11 
8783	124 
8784	41 
8785	154 
8786	115 
8787	158 
8788	133 
8789	116 
8790	191 
8791	157 
8792	42 
8793	17 
8794	42 
8795	180 
8796	158 
8797	75 
8798	104 
8799	62 
8800	133 
8801	133 
8802	124 
8803	75 
8804	51 
8805	133 
8806	201 
8807	124 
8808	91 
8809	40 
8810	213 
8811	94 
8812	81 
8813	116 
8814	119 
8815	189 
8816	159 
8817	182 
8818	194 
8819	83 
8820	153 
8821	20 
8822	154 
8823	202 
8824	56 
8825	182 
8826	3 
8827	3 
8828	94 
8829	51 
8830	195 
8831	153 
8832	194 
8833	79 
8834	57 
8835	170 
8836	91 
8837	11 
8838	123 
8839	201 
8840	38 
8841	211 
8842	157 
8843	38 
8844	16 
8845	199 
8846	122 
8847	94 
8848	63 
8849	66 
8850	133 
8851	81 
8852	146 
8853	42 
8854	126 
8855	147 
8856	133 
8857	140 
8858	83 
8859	58 
8860	69 
8861	202 
8862	56 
8863	71 
8864	33 
8865	153 
8866	159 
8867	83 
8868	113 
8869	84 
8870	56 
8871	122 
8872	181 
8873	115 
8874	169 
8875	137 
8876	136 
8877	90 
8878	110 
8879	201 
8880	170 
8881	39 
8882	165 
8883	167 
8884	159 
8885	37 
8886	58 
8887	63 
8888	199 
8889	146 
8890	107 
8891	107 
8892	75 
8893	50 
8894	136 
8895	190 
8896	208 
8897	25 
8898	75 
8899	158 
8900	136 
8901	22 
8902	116 
8903	121 
8904	63 
8905	124 
8906	16 
8907	116 
8908	157 
8909	58 
8910	62 
8911	37 
8912	157 
8913	146 
8914	126 
8915	146 
8916	212 
8917	133 
8918	81 
8919	50 
8920	1 
8921	137 
8922	16 
8923	116 
8924	154 
8925	10 
8926	11 
8927	69 
8928	201 
8929	25 
8930	201 
8931	129 
8932	1 
8933	74 
8934	10 
8935	167 
8936	202 
8937	11 
8938	81 
8939	63 
8940	146 
8941	208 
8942	75 
8943	159 
8944	143 
8945	126 
8946	7 
8947	192 
8948	170 
8949	58 
8950	208 
8951	201 
8952	101 
8953	122 
8954	169 
8955	1 
8956	111 
8957	173 
8958	158 
8959	129 
8960	172 
8961	198 
8962	37 
8963	121 
8964	38 
8965	192 
8966	66 
8967	33 
8968	66 
8969	41 
8970	116 
8971	76 
8972	62 
8973	69 
8974	85 
8975	129 
8976	126 
8977	182 
8978	169 
8979	205 
8980	21 
8981	115 
8982	56 
8983	192 
8984	187 
8985	188 
8986	190 
8987	38 
8988	121 
8989	60 
8990	69 
8991	182 
8992	201 
8993	119 
8994	116 
8995	33 
8996	187 
8997	56 
8998	94 
8999	107 
9000	213 
9001	139 
9002	187 
9003	66 
9004	189 
9005	11 
9006	94 
9007	188 
9008	86 
9009	11 
9010	79 
9011	56 
9012	190 
9013	1 
9014	157 
9015	110 
9016	146 
9017	38 
9018	201 
9019	38 
9020	39 
9021	81 
9022	67 
9023	158 
9024	81 
9025	67 
9026	40 
9027	211 
9028	111 
9029	121 
9030	11 
9031	113 
9032	66 
9033	67 
9034	153 
9035	20 
9036	121 
9037	63 
9038	79 
9039	57 
9040	191 
9041	116 
9042	146 
9043	113 
9044	38 
9045	123 
9046	124 
9047	154 
9048	182 
9049	124 
9050	81 
9051	74 
9052	62 
9053	115 
9054	101 
9055	17 
9056	129 
9057	198 
9058	75 
9059	146 
9060	181 
9061	60 
9062	201 
9063	158 
9064	111 
9065	123 
9066	116 
9067	181 
9068	62 
9069	158 
9070	159 
9071	17 
9072	116 
9073	198 
9074	75 
9075	159 
9076	71 
9077	147 
9078	84 
9079	16 
9080	90 
9081	1 
9082	110 
9083	38 
9084	192 
9085	181 
9086	124 
9087	182 
9088	126 
9089	195 
9090	33 
9091	58 
9092	5 
9093	107 
9094	111 
9095	11 
9096	124 
9097	201 
9098	74 
9099	17 
9100	126 
9101	116 
9102	67 
9103	170 
9104	10 
9105	121 
9106	37 
9107	122 
9108	192 
9109	167 
9110	84 
9111	41 
9112	81 
9113	165 
9114	153 
9115	143 
9116	121 
9117	83 
9118	187 
9119	3 
9120	154 
9121	201 
9122	40 
9123	38 
9124	10 
9125	62 
9126	136 
9127	205 
9128	67 
9129	38 
9130	51 
9131	94 
9132	11 
9133	81 
9134	16 
9135	121 
9136	121 
9137	63 
9138	188 
9139	121 
9140	124 
9141	72 
9142	1 
9143	167 
9144	111 
9145	58 
9146	62 
9147	198 
9148	192 
9149	212 
9150	66 
9151	154 
9152	10 
9153	124 
9154	75 
9155	56 
9156	201 
9157	21 
9158	63 
9159	165 
9160	95 
9161	10 
9162	56 
9163	170 
9164	137 
9165	38 
9166	107 
9167	212 
9168	205 
9169	201 
9170	111 
9171	116 
9172	136 
9173	75 
9174	123 
9175	21 
9176	124 
9177	107 
9178	141 
9179	67 
9180	154 
9181	37 
9182	76 
9183	51 
9184	63 
9185	147 
9186	201 
9187	192 
9188	107 
9189	170 
9190	84 
9191	146 
9192	143 
9193	187 
9194	133 
9195	139 
9196	169 
9197	38 
9198	180 
9199	180 
9200	191 
9201	121 
9202	107 
9203	119 
9204	11 
9205	38 
9206	37 
9207	143 
9208	124 
9209	158 
9210	11 
9211	62 
9212	111 
9213	143 
9214	202 
9215	124 
9216	198 
9217	51 
9218	158 
9219	165 
9220	107 
9221	136 
9222	182 
9223	167 
9224	122 
9225	181 
9226	187 
9227	122 
9228	56 
9229	158 
9230	1 
9231	198 
9232	139 
9233	154 
9234	17 
9235	16 
9236	16 
9237	133 
9238	38 
9239	129 
9240	79 
9241	60 
9242	122 
9243	101 
9244	147 
9245	62 
9246	133 
9247	33 
9248	191 
9249	84 
9250	209 
9251	76 
9252	129 
9253	71 
9254	83 
9255	10 
9256	56 
9257	124 
9258	143 
9259	147 
9260	201 
9261	81 
9262	56 
9263	33 
9264	124 
9265	159 
9266	67 
9267	84 
9268	91 
9269	94 
9270	185 
9271	211 
9272	201 
9273	187 
9274	20 
9275	154 
9276	143 
9277	5 
9278	71 
9279	58 
9280	139 
9281	39 
9282	1 
9283	153 
9284	157 
9285	154 
9286	154 
9287	110 
9288	51 
9289	143 
9290	83 
9291	126 
9292	63 
9293	107 
9294	181 
9295	91 
9296	181 
9297	187 
9298	1 
9299	56 
9300	191 
9301	56 
9302	16 
9303	154 
9304	159 
9305	101 
9306	201 
9307	10 
9308	124 
9309	198 
9310	133 
9311	122 
9312	188 
9313	11 
9314	50 
9315	124 
9316	167 
9317	84 
9318	41 
9319	25 
9320	33 
9321	95 
9322	158 
9323	16 
9324	38 
9325	147 
9326	190 
9327	20 
9328	50 
9329	66 
9330	202 
9331	107 
9332	188 
9333	205 
9334	136 
9335	5 
9336	122 
9337	133 
9338	1 
9339	192 
9340	50 
9341	172 
9342	56 
9343	41 
9344	137 
9345	139 
9346	113 
9347	107 
9348	79 
9349	10 
9350	146 
9351	121 
9352	126 
9353	146 
9354	126 
9355	192 
9356	10 
9357	113 
9358	37 
9359	212 
9360	74 
9361	165 
9362	10 
9363	181 
9364	66 
9365	3 
9366	198 
9367	79 
9368	83 
9369	122 
9370	113 
9371	75 
9372	139 
9373	137 
9374	157 
9375	51 
9376	165 
9377	33 
9378	81 
9379	187 
9380	101 
9381	56 
9382	111 
9383	83 
9384	111 
9385	69 
9386	33 
9387	81 
9388	212 
9389	58 
9390	84 
9391	123 
9392	154 
9393	33 
9394	72 
9395	60 
9396	181 
9397	129 
9398	136 
9399	158 
9400	83 
9401	107 
9402	136 
9403	38 
9404	67 
9405	63 
9406	165 
9407	38 
9408	121 
9409	126 
9410	3 
9411	16 
9412	113 
9413	71 
9414	16 
9415	107 
9416	91 
9417	113 
9418	111 
9419	172 
9420	74 
9421	1 
9422	159 
9423	17 
9424	84 
9425	192 
9426	211 
9427	116 
9428	38 
9429	16 
9430	124 
9431	190 
9432	63 
9433	33 
9434	81 
9435	129 
9436	198 
9437	110 
9438	62 
9439	111 
9440	75 
9441	169 
9442	33 
9443	157 
9444	38 
9445	182 
9446	101 
9447	38 
9448	124 
9449	212 
9450	143 
9451	51 
9452	111 
9453	122 
9454	158 
9455	122 
9456	16 
9457	192 
9458	33 
9459	75 
9460	91 
9461	71 
9462	172 
9463	10 
9464	159 
9465	121 
9466	107 
9467	56 
9468	116 
9469	20 
9470	16 
9471	133 
9472	153 
9473	67 
9474	91 
9475	81 
9476	122 
9477	191 
9478	91 
9479	1 
9480	63 
9481	62 
9482	33 
9483	60 
9484	91 
9485	79 
9486	62 
9487	124 
9488	126 
9489	136 
9490	81 
9491	25 
9492	122 
9493	121 
9494	84 
9495	111 
9496	159 
9497	202 
9498	119 
9499	84 
9500	137 
9501	211 
9502	101 
9503	137 
9504	94 
9505	111 
9506	154 
9507	154 
9508	107 
9509	16 
9510	124 
9511	192 
9512	72 
9513	71 
9514	83 
9515	79 
9516	16 
9517	158 
9518	165 
9519	157 
9520	157 
9521	25 
9522	139 
9523	67 
9524	121 
9525	79 
9526	122 
9527	71 
9528	17 
9529	111 
9530	101 
9531	202 
9532	66 
9533	190 
9534	69 
9535	167 
9536	56 
9537	129 
9538	143 
9539	172 
9540	63 
9541	172 
9542	121 
9543	66 
9544	66 
9545	91 
9546	136 
9547	121 
9548	124 
9549	91 
9550	192 
9551	81 
9552	143 
9553	126 
9554	107 
9555	62 
9556	63 
9557	133 
9558	187 
9559	79 
9560	157 
9561	190 
9562	75 
9563	124 
9564	81 
9565	79 
9566	107 
9567	10 
9568	139 
9569	5 
9570	37 
9571	126 
9572	84 
9573	83 
9574	9 
9575	165 
9576	157 
9577	119 
9578	3 
9579	111 
9580	158 
9581	201 
9582	91 
9583	167 
9584	167 
9585	62 
9586	33 
9587	154 
9588	157 
9589	9 
9590	133 
9591	63 
9592	75 
9593	147 
9594	159 
9595	167 
9596	79 
9597	124 
9598	139 
9599	126 
9600	83 
9601	212 
9602	124 
9603	121 
9604	67 
9605	84 
9606	79 
9607	192 
9608	111 
9609	146 
9610	1 
9611	75 
9612	192 
9613	147 
9614	121 
9615	9 
9616	38 
9617	33 
9618	126 
9619	187 
9620	67 
9621	124 
9622	84 
9623	201 
9624	211 
9625	69 
9626	1 
9627	37 
9628	3 
9629	37 
9630	121 
9631	83 
9632	9 
9633	116 
9634	58 
9635	58 
9636	83 
9637	181 
9638	107 
9639	121 
9640	111 
9641	69 
9642	84 
9643	16 
9644	139 
9645	211 
9646	5 
9647	58 
9648	129 
9649	16 
9650	126 
9651	63 
9652	50 
9653	119 
9654	122 
9655	143 
9656	202 
9657	33 
9658	192 
9659	129 
9660	181 
9661	190 
9662	37 
9663	20 
9664	133 
9665	116 
9666	16 
9667	187 
9668	33 
9669	182 
9670	165 
9671	201 
9672	69 
9673	202 
9674	136 
9675	10 
9676	187 
9677	58 
9678	37 
9679	159 
9680	75 
9681	143 
9682	16 
9683	63 
9684	129 
9685	133 
9686	79 
9687	9 
9688	146 
9689	84 
9690	157 
9691	121 
9692	1 
9693	37 
9694	129 
9695	107 
9696	190 
9697	58 
9698	91 
9699	136 
9700	10 
9701	84 
9702	1 
9703	63 
9704	67 
9705	58 
9706	111 
9707	136 
9708	63 
9709	147 
9710	129 
9711	116 
9712	154 
9713	201 
9714	76 
9715	122 
9716	192 
9717	17 
9718	107 
9719	71 
9720	133 
9721	111 
9722	111 
9723	58 
9724	67 
9725	10 
9726	38 
9727	1 
9728	56 
9729	75 
9730	5 
9731	165 
9732	121 
9733	20 
9734	122 
9735	33 
9736	62 
9737	20 
9738	158 
9739	3 
9740	84 
9741	33 
9742	129 
9743	33 
9744	165 
9745	10 
9746	67 
9747	63 
9748	122 
9749	133 
9750	159 
9751	154 
9752	79 
9753	133 
9754	83 
9755	75 
9756	121 
9757	33 
9758	67 
9759	157 
9760	67 
9761	116 
9762	16 
9763	129 
9764	110 
9765	187 
9766	159 
9767	116 
9768	143 
9769	83 
9770	182 
9771	182 
9772	124 
9773	129 
9774	143 
9775	133 
9776	33 
9777	56 
9778	33 
9779	122 
9780	133 
9781	11 
9782	122 
9783	165 
9784	67 
9785	159 
9786	81 
9787	212 
9788	38 
9789	71 
9790	63 
9791	154 
9792	56 
9793	10 
9794	143 
9795	159 
9796	91 
9797	69 
9798	158 
9799	67 
9800	67 
9801	38 
9802	11 
9803	10 
9804	143 
9805	67 
9806	129 
9807	124 
9808	192 
9809	154 
9810	33 
9811	124 
9812	136 
9813	159 
9814	33 
9815	154 
9816	201 
9817	11 
9818	158 
9819	159 
9820	37 
9821	129 
9822	1 
9823	201 
9824	79 
9825	58 
9826	11 
9827	67 
9828	107 
9829	33 
9830	5 
9831	56 
9832	84 
9833	124 
9834	16 
9835	10 
9836	157 
9837	58 
9838	5 
9839	201 
9840	201 
9841	192 
9842	111 
9843	38 
9844	192 
9845	1 
9846	38 
9847	75 
9848	187 
9849	159 
9850	63 
9851	133 
9852	143 
9853	1 
9854	122 
9855	58 
9856	58 
9857	107 
9858	133 
9859	158 
9860	111 
9861	38 
9862	62 
9863	158 
9864	56 
9865	37 
9866	11 
9867	37 
9868	10 
9869	187 
9870	37 
9871	67 
9872	81 
9873	81 
9874	157 
9875	38 
9876	81 
9877	58 
9878	124 
9879	143 
9880	158 
9881	63 
9882	154 
9883	107 
9884	201 
9885	62 
9886	121 
9887	1 
9888	1 
9889	16 
9890	1 
9891	16 
9892	16 
9893	63 
9894	154 
9895	133 
9896	107 
9897	63 
9898	133 
9899	75 
9900	63 
9901	67 
9902	121 
9903	81 
9904	121 
9905	158 
9906	187 
9907	83 
9908	63 
9909	192 
9910	107 
9911	154 
9912	136 
9913	37 
9914	158 
9915	75 
9916	201 
9917	111 
9918	83 
9919	81 
9920	62 
9921	133 
9922	81 
9923	133 
9924	124 
9925	38 
9926	122 
9927	136 
9928	133 
9929	133 
9930	67 
9931	38 
9932	192 
9933	37 
9934	136 
9935	192 
9936	111 
9937	107 
9938	121 
9939	158 
9940	37 
9941	33 
9942	107 
9943	187 
9944	111 
9945	158 
9946	1 
9947	158 
9948	192 
9949	143 
9950	133 
9951	1 
9952	63 
9953	67 
9954	124 
9955	122 
9956	154 
9957	75 
9958	63 
9959	75 
9960	38 
9961	62 
9962	38 
9963	62 
9964	154 
9965	133 
9966	37 
9967	124 
9968	38 
9969	158 
9970	122 
9971	37 
9972	38 
9973	133 
9974	107 
9975	63 
9976	143 
9977	38 
9978	143 
9979	33 
9980	121 
9981	81 
9982	124 
9983	124 
9984	121 
9985	154 
9986	33 
9987	67 
9988	124 
9989	122 
9990	187 
9991	67 
9992	63 
9993	133 
9994	75 
9995	33 
9996	81 
9997	111 
9998	63 
9999	107 
10000	121 
