1 2
1 3
1 4
1 5
1 6
1 7
2 3
2 4
2 5
2 6
2 7
2 8
2 18
3 4
3 7
3 8
3 10
4 7
4 10
4 14
5 8
5 9
5 10
5 12
6 18
7 10
7 11
7 22
7 23
8 9
8 12
9 10
9 11
9 18
10 11
10 12
10 13
10 14
10 16
10 31
10 35
11 12
11 18
11 22
11 25
12 14
12 16
12 17
12 18
12 19
12 20
12 22
12 23
12 24
12 25
12 27
12 28
12 34
13 14
13 15
14 15
14 20
14 32
15 20
15 27
15 29
15 32
15 33
16 18
16 19
16 26
17 18
17 23
18 19
18 21
18 23
18 24
18 28
18 30
19 21
19 25
19 26
19 27
19 28
19 30
19 31
20 21
20 23
20 25
20 26
20 28
20 29
20 31
20 32
20 33
21 23
21 31
22 23
22 27
23 25
23 27
23 28
23 31
24 30
25 26
25 28
26 29
27 31
28 31
28 33
29 32
30 31
31 32
31 33
32 33
33 34
34 35
