1	199 
2	192 
3	32 
4	9 
5	5 
6	167 
7	132 
8	93 
9	90 
10	174 
11	40 
12	144 
13	202 
14	136 
15	89 
16	6 
17	88 
18	7 
19	12 
20	47 
21	135 
22	126 
23	127 
24	105 
25	127 
26	88 
27	98 
28	164 
29	125 
30	90 
31	71 
32	131 
33	188 
34	166 
35	48 
36	141 
37	42 
38	44 
39	40 
40	32 
41	114 
42	180 
43	197 
44	42 
45	101 
46	195 
47	101 
48	18 
49	3 
50	37 
51	21 
52	95 
53	61 
54	166 
55	127 
56	66 
57	140 
58	3 
59	195 
60	135 
61	33 
62	47 
63	167 
64	160 
65	120 
66	7 
67	177 
68	15 
69	164 
70	88 
71	21 
72	90 
73	120 
74	48 
75	104 
76	101 
77	10 
78	105 
79	39 
80	12 
81	140 
82	104 
83	156 
84	124 
85	12 
86	111 
87	164 
88	125 
89	26 
90	96 
91	59 
92	36 
93	109 
94	44 
95	56 
96	30 
97	70 
98	48 
99	40 
100	90 
101	25 
102	114 
103	202 
104	98 
105	184 
106	149 
107	144 
108	25 
109	84 
110	126 
111	124 
112	33 
113	123 
114	147 
115	127 
116	12 
117	144 
118	131 
119	140 
120	131 
121	147 
122	192 
123	90 
124	56 
125	41 
126	108 
127	65 
128	114 
129	135 
130	108 
131	97 
132	40 
133	203 
134	170 
135	6 
136	176 
137	100 
138	39 
139	72 
140	52 
141	170 
142	184 
143	114 
144	194 
145	47 
146	178 
147	21 
148	104 
149	126 
150	48 
151	73 
152	97 
153	180 
154	84 
155	51 
156	5 
157	182 
158	88 
159	5 
160	162 
161	156 
162	153 
163	18 
164	96 
165	3 
166	12 
167	176 
168	144 
169	88 
170	82 
171	135 
172	189 
173	55 
174	182 
175	47 
176	21 
177	141 
178	129 
179	184 
180	107 
181	186 
182	5 
183	76 
184	149 
185	158 
186	67 
187	70 
188	176 
189	56 
190	96 
191	80 
192	52 
193	131 
194	146 
195	105 
196	70 
197	205 
198	7 
199	55 
200	164 
201	37 
202	124 
203	184 
204	149 
205	56 
206	7 
207	182 
208	196 
209	74 
210	25 
211	3 
212	116 
213	177 
214	202 
215	149 
216	48 
217	186 
218	73 
219	119 
220	97 
221	203 
222	162 
223	3 
224	66 
225	192 
226	51 
227	9 
228	138 
229	127 
230	39 
231	22 
232	12 
233	44 
234	177 
235	84 
236	65 
237	25 
238	197 
239	90 
240	196 
241	153 
242	135 
243	123 
244	183 
245	32 
246	22 
247	200 
248	58 
249	175 
250	170 
251	20 
252	72 
253	84 
254	114 
255	155 
256	72 
257	97 
258	87 
259	192 
260	90 
261	188 
262	64 
263	156 
264	193 
265	136 
266	131 
267	54 
268	87 
269	40 
270	94 
271	95 
272	101 
273	101 
274	177 
275	84 
276	46 
277	157 
278	131 
279	52 
280	200 
281	47 
282	147 
283	56 
284	170 
285	203 
286	96 
287	3 
288	97 
289	135 
290	21 
291	170 
292	170 
293	1 
294	133 
295	157 
296	176 
297	176 
298	157 
299	170 
300	203 
301	88 
302	62 
303	140 
304	155 
305	94 
306	65 
307	186 
308	102 
309	38 
310	88 
311	83 
312	174 
313	114 
314	105 
315	78 
316	90 
317	88 
318	44 
319	198 
320	176 
321	100 
322	109 
323	60 
324	7 
325	60 
326	40 
327	21 
328	115 
329	25 
330	7 
331	99 
332	55 
333	19 
334	135 
335	20 
336	203 
337	32 
338	109 
339	49 
340	25 
341	140 
342	186 
343	25 
344	131 
345	1 
346	155 
347	146 
348	186 
349	119 
350	114 
351	190 
352	132 
353	125 
354	67 
355	39 
356	136 
357	135 
358	147 
359	123 
360	55 
361	157 
362	155 
363	12 
364	146 
365	197 
366	202 
367	27 
368	67 
369	88 
370	194 
371	84 
372	88 
373	52 
374	34 
375	192 
376	176 
377	56 
378	94 
379	186 
380	70 
381	66 
382	165 
383	140 
384	90 
385	40 
386	153 
387	136 
388	156 
389	70 
390	196 
391	80 
392	12 
393	67 
394	107 
395	87 
396	101 
397	117 
398	92 
399	127 
400	55 
401	72 
402	78 
403	56 
404	56 
405	158 
406	1 
407	135 
408	105 
409	133 
410	66 
411	178 
412	120 
413	101 
414	62 
415	21 
416	203 
417	124 
418	188 
419	144 
420	192 
421	26 
422	155 
423	31 
424	124 
425	42 
426	188 
427	55 
428	184 
429	131 
430	40 
431	197 
432	155 
433	50 
434	12 
435	57 
436	156 
437	158 
438	69 
439	194 
440	164 
441	56 
442	48 
443	158 
444	165 
445	5 
446	3 
447	3 
448	108 
449	157 
450	197 
451	57 
452	191 
453	176 
454	127 
455	43 
456	3 
457	181 
458	32 
459	199 
460	123 
461	97 
462	203 
463	34 
464	32 
465	124 
466	33 
467	123 
468	156 
469	5 
470	155 
471	21 
472	3 
473	44 
474	163 
475	48 
476	163 
477	155 
478	192 
479	74 
480	181 
481	44 
482	136 
483	53 
484	131 
485	194 
486	21 
487	96 
488	145 
489	25 
490	181 
491	56 
492	192 
493	90 
494	127 
495	120 
496	84 
497	94 
498	89 
499	15 
500	199 
501	111 
502	78 
503	174 
504	125 
505	90 
506	65 
507	104 
508	131 
509	60 
510	157 
511	164 
512	150 
513	170 
514	94 
515	127 
516	36 
517	32 
518	181 
519	42 
520	176 
521	144 
522	149 
523	39 
524	25 
525	47 
526	8 
527	127 
528	27 
529	124 
530	170 
531	119 
532	166 
533	3 
534	127 
535	170 
536	90 
537	7 
538	174 
539	89 
540	21 
541	8 
542	156 
543	141 
544	96 
545	105 
546	84 
547	96 
548	32 
549	153 
550	149 
551	66 
552	80 
553	186 
554	124 
555	74 
556	6 
557	71 
558	88 
559	182 
560	96 
561	56 
562	3 
563	40 
564	56 
565	126 
566	135 
567	65 
568	40 
569	56 
570	67 
571	127 
572	88 
573	49 
574	35 
575	172 
576	12 
577	32 
578	5 
579	170 
580	97 
581	135 
582	194 
583	112 
584	78 
585	136 
586	133 
587	196 
588	3 
589	136 
590	189 
591	47 
592	84 
593	192 
594	126 
595	127 
596	135 
597	90 
598	131 
599	56 
600	165 
601	123 
602	177 
603	144 
604	114 
605	186 
606	186 
607	144 
608	88 
609	186 
610	156 
611	133 
612	135 
613	158 
614	94 
615	169 
616	45 
617	20 
618	150 
619	131 
620	131 
621	27 
622	90 
623	3 
624	42 
625	192 
626	184 
627	1 
628	120 
629	118 
630	155 
631	23 
632	44 
633	144 
634	127 
635	131 
636	95 
637	172 
638	123 
639	40 
640	65 
641	136 
642	49 
643	21 
644	61 
645	149 
646	140 
647	8 
648	101 
649	147 
650	124 
651	176 
652	111 
653	88 
654	194 
655	144 
656	12 
657	135 
658	11 
659	74 
660	166 
661	88 
662	147 
663	135 
664	65 
665	163 
666	44 
667	135 
668	134 
669	92 
670	154 
671	127 
672	181 
673	74 
674	48 
675	181 
676	94 
677	138 
678	158 
679	88 
680	90 
681	40 
682	70 
683	64 
684	105 
685	55 
686	177 
687	28 
688	131 
689	184 
690	127 
691	7 
692	139 
693	176 
694	166 
695	88 
696	181 
697	147 
698	90 
699	37 
700	164 
701	203 
702	32 
703	133 
704	124 
705	108 
706	44 
707	142 
708	55 
709	82 
710	7 
711	131 
712	119 
713	192 
714	133 
715	144 
716	100 
717	101 
718	40 
719	26 
720	44 
721	32 
722	132 
723	144 
724	137 
725	178 
726	123 
727	56 
728	3 
729	156 
730	103 
731	90 
732	15 
733	153 
734	58 
735	116 
736	170 
737	136 
738	82 
739	25 
740	10 
741	163 
742	169 
743	39 
744	194 
745	135 
746	174 
747	147 
748	39 
749	55 
750	81 
751	186 
752	176 
753	158 
754	141 
755	1 
756	96 
757	140 
758	47 
759	67 
760	146 
761	131 
762	195 
763	104 
764	66 
765	76 
766	136 
767	184 
768	64 
769	177 
770	144 
771	157 
772	199 
773	114 
774	176 
775	54 
776	56 
777	27 
778	85 
779	112 
780	176 
781	136 
782	84 
783	164 
784	5 
785	101 
786	72 
787	80 
788	1 
789	100 
790	41 
791	72 
792	155 
793	48 
794	7 
795	98 
796	146 
797	132 
798	111 
799	156 
800	180 
801	45 
802	186 
803	72 
804	166 
805	196 
806	105 
807	125 
808	196 
809	84 
810	176 
811	151 
812	155 
813	25 
814	11 
815	55 
816	70 
817	98 
818	56 
819	194 
820	133 
821	94 
822	84 
823	5 
824	66 
825	114 
826	149 
827	103 
828	155 
829	131 
830	164 
831	40 
832	149 
833	158 
834	34 
835	30 
836	168 
837	56 
838	10 
839	139 
840	114 
841	178 
842	165 
843	184 
844	178 
845	56 
846	52 
847	156 
848	37 
849	88 
850	72 
851	40 
852	101 
853	116 
854	188 
855	5 
856	155 
857	72 
858	88 
859	67 
860	159 
861	126 
862	144 
863	96 
864	7 
865	135 
866	12 
867	46 
868	201 
869	101 
870	120 
871	65 
872	149 
873	42 
874	126 
875	194 
876	172 
877	102 
878	155 
879	135 
880	80 
881	30 
882	66 
883	117 
884	157 
885	1 
886	44 
887	112 
888	184 
889	101 
890	94 
891	131 
892	90 
893	168 
894	195 
895	96 
896	88 
897	1 
898	36 
899	34 
900	127 
901	67 
902	147 
903	25 
904	131 
905	166 
906	37 
907	180 
908	195 
909	65 
910	123 
911	39 
912	25 
913	6 
914	141 
915	90 
916	71 
917	139 
918	88 
919	123 
920	182 
921	188 
922	140 
923	157 
924	98 
925	167 
926	9 
927	177 
928	181 
929	147 
930	32 
931	94 
932	80 
933	60 
934	21 
935	3 
936	127 
937	65 
938	119 
939	11 
940	59 
941	12 
942	88 
943	144 
944	5 
945	140 
946	188 
947	67 
948	96 
949	48 
950	164 
951	179 
952	100 
953	153 
954	147 
955	66 
956	147 
957	101 
958	155 
959	100 
960	203 
961	177 
962	176 
963	9 
964	30 
965	185 
966	32 
967	52 
968	71 
969	202 
970	127 
971	141 
972	136 
973	49 
974	25 
975	162 
976	32 
977	186 
978	85 
979	94 
980	21 
981	151 
982	184 
983	42 
984	166 
985	125 
986	56 
987	176 
988	47 
989	72 
990	194 
991	176 
992	201 
993	177 
994	131 
995	57 
996	27 
997	135 
998	197 
999	151 
1000	40 
1001	76 
1002	57 
1003	12 
1004	69 
1005	131 
1006	48 
1007	59 
1008	6 
1009	133 
1010	40 
1011	133 
1012	123 
1013	192 
1014	55 
1015	187 
1016	21 
1017	92 
1018	143 
1019	127 
1020	155 
1021	171 
1022	8 
1023	94 
1024	39 
1025	174 
1026	119 
1027	187 
1028	88 
1029	40 
1030	66 
1031	181 
1032	26 
1033	186 
1034	153 
1035	100 
1036	5 
1037	132 
1038	106 
1039	10 
1040	27 
1041	192 
1042	130 
1043	62 
1044	6 
1045	71 
1046	48 
1047	148 
1048	166 
1049	46 
1050	37 
1051	126 
1052	165 
1053	65 
1054	126 
1055	97 
1056	97 
1057	61 
1058	155 
1059	164 
1060	114 
1061	182 
1062	176 
1063	179 
1064	164 
1065	31 
1066	56 
1067	108 
1068	162 
1069	132 
1070	100 
1071	72 
1072	114 
1073	124 
1074	5 
1075	146 
1076	56 
1077	155 
1078	48 
1079	166 
1080	158 
1081	125 
1082	142 
1083	97 
1084	94 
1085	70 
1086	96 
1087	119 
1088	25 
1089	16 
1090	19 
1091	25 
1092	21 
1093	65 
1094	133 
1095	131 
1096	66 
1097	177 
1098	44 
1099	21 
1100	48 
1101	18 
1102	186 
1103	163 
1104	40 
1105	177 
1106	73 
1107	188 
1108	85 
1109	184 
1110	97 
1111	6 
1112	133 
1113	144 
1114	7 
1115	186 
1116	90 
1117	115 
1118	66 
1119	127 
1120	36 
1121	166 
1122	99 
1123	25 
1124	158 
1125	175 
1126	120 
1127	25 
1128	3 
1129	82 
1130	184 
1131	9 
1132	72 
1133	52 
1134	25 
1135	7 
1136	184 
1137	116 
1138	140 
1139	84 
1140	184 
1141	25 
1142	19 
1143	181 
1144	192 
1145	147 
1146	55 
1147	131 
1148	12 
1149	101 
1150	89 
1151	177 
1152	77 
1153	26 
1154	135 
1155	147 
1156	176 
1157	74 
1158	128 
1159	10 
1160	6 
1161	87 
1162	42 
1163	128 
1164	203 
1165	184 
1166	85 
1167	188 
1168	3 
1169	54 
1170	43 
1171	134 
1172	12 
1173	186 
1174	114 
1175	147 
1176	84 
1177	124 
1178	135 
1179	88 
1180	42 
1181	60 
1182	201 
1183	7 
1184	27 
1185	88 
1186	52 
1187	181 
1188	108 
1189	21 
1190	176 
1191	88 
1192	2 
1193	90 
1194	7 
1195	119 
1196	141 
1197	22 
1198	90 
1199	136 
1200	94 
1201	147 
1202	80 
1203	7 
1204	55 
1205	178 
1206	71 
1207	189 
1208	104 
1209	114 
1210	101 
1211	42 
1212	16 
1213	131 
1214	73 
1215	61 
1216	39 
1217	121 
1218	166 
1219	97 
1220	31 
1221	44 
1222	53 
1223	23 
1224	200 
1225	95 
1226	125 
1227	178 
1228	167 
1229	26 
1230	147 
1231	186 
1232	5 
1233	97 
1234	79 
1235	127 
1236	158 
1237	182 
1238	37 
1239	105 
1240	32 
1241	144 
1242	79 
1243	112 
1244	144 
1245	202 
1246	94 
1247	56 
1248	147 
1249	125 
1250	84 
1251	203 
1252	36 
1253	97 
1254	56 
1255	156 
1256	135 
1257	164 
1258	155 
1259	26 
1260	44 
1261	66 
1262	180 
1263	21 
1264	117 
1265	44 
1266	23 
1267	177 
1268	101 
1269	127 
1270	147 
1271	186 
1272	120 
1273	182 
1274	48 
1275	27 
1276	124 
1277	12 
1278	3 
1279	201 
1280	177 
1281	155 
1282	126 
1283	140 
1284	30 
1285	72 
1286	66 
1287	72 
1288	140 
1289	104 
1290	141 
1291	176 
1292	21 
1293	67 
1294	145 
1295	9 
1296	88 
1297	123 
1298	172 
1299	156 
1300	135 
1301	44 
1302	192 
1303	34 
1304	57 
1305	114 
1306	3 
1307	32 
1308	192 
1309	12 
1310	40 
1311	127 
1312	177 
1313	5 
1314	114 
1315	48 
1316	96 
1317	84 
1318	88 
1319	116 
1320	177 
1321	105 
1322	112 
1323	65 
1324	67 
1325	177 
1326	181 
1327	199 
1328	140 
1329	177 
1330	147 
1331	40 
1332	78 
1333	186 
1334	120 
1335	66 
1336	25 
1337	87 
1338	62 
1339	188 
1340	154 
1341	90 
1342	151 
1343	56 
1344	39 
1345	135 
1346	6 
1347	90 
1348	166 
1349	75 
1350	9 
1351	204 
1352	40 
1353	159 
1354	158 
1355	105 
1356	186 
1357	184 
1358	9 
1359	166 
1360	3 
1361	174 
1362	33 
1363	177 
1364	136 
1365	100 
1366	124 
1367	177 
1368	77 
1369	97 
1370	25 
1371	97 
1372	135 
1373	158 
1374	134 
1375	65 
1376	168 
1377	178 
1378	90 
1379	56 
1380	96 
1381	3 
1382	103 
1383	131 
1384	40 
1385	114 
1386	156 
1387	176 
1388	149 
1389	100 
1390	127 
1391	57 
1392	97 
1393	120 
1394	32 
1395	40 
1396	48 
1397	44 
1398	84 
1399	20 
1400	106 
1401	135 
1402	97 
1403	195 
1404	5 
1405	147 
1406	65 
1407	200 
1408	161 
1409	165 
1410	133 
1411	49 
1412	186 
1413	79 
1414	42 
1415	101 
1416	86 
1417	66 
1418	54 
1419	199 
1420	140 
1421	141 
1422	120 
1423	173 
1424	203 
1425	65 
1426	192 
1427	20 
1428	98 
1429	40 
1430	156 
1431	130 
1432	43 
1433	13 
1434	63 
1435	168 
1436	47 
1437	90 
1438	5 
1439	66 
1440	52 
1441	164 
1442	3 
1443	192 
1444	194 
1445	87 
1446	37 
1447	127 
1448	144 
1449	115 
1450	88 
1451	37 
1452	70 
1453	165 
1454	96 
1455	19 
1456	41 
1457	96 
1458	141 
1459	21 
1460	131 
1461	178 
1462	156 
1463	90 
1464	144 
1465	72 
1466	7 
1467	196 
1468	131 
1469	55 
1470	119 
1471	80 
1472	78 
1473	186 
1474	198 
1475	94 
1476	21 
1477	63 
1478	119 
1479	115 
1480	103 
1481	25 
1482	71 
1483	48 
1484	77 
1485	56 
1486	144 
1487	130 
1488	88 
1489	30 
1490	66 
1491	97 
1492	7 
1493	177 
1494	147 
1495	31 
1496	49 
1497	76 
1498	6 
1499	124 
1500	72 
1501	177 
1502	40 
1503	42 
1504	184 
1505	1 
1506	144 
1507	172 
1508	131 
1509	173 
1510	157 
1511	47 
1512	21 
1513	141 
1514	47 
1515	131 
1516	149 
1517	194 
1518	21 
1519	44 
1520	135 
1521	5 
1522	124 
1523	186 
1524	136 
1525	40 
1526	71 
1527	168 
1528	196 
1529	141 
1530	188 
1531	144 
1532	25 
1533	109 
1534	55 
1535	56 
1536	166 
1537	12 
1538	41 
1539	144 
1540	181 
1541	176 
1542	97 
1543	56 
1544	156 
1545	202 
1546	20 
1547	163 
1548	67 
1549	144 
1550	172 
1551	72 
1552	6 
1553	197 
1554	101 
1555	65 
1556	199 
1557	202 
1558	111 
1559	155 
1560	8 
1561	162 
1562	177 
1563	72 
1564	115 
1565	151 
1566	67 
1567	157 
1568	12 
1569	12 
1570	9 
1571	158 
1572	181 
1573	185 
1574	36 
1575	133 
1576	66 
1577	71 
1578	121 
1579	127 
1580	144 
1581	28 
1582	131 
1583	70 
1584	126 
1585	202 
1586	98 
1587	55 
1588	9 
1589	7 
1590	110 
1591	97 
1592	71 
1593	154 
1594	127 
1595	203 
1596	182 
1597	12 
1598	6 
1599	6 
1600	48 
1601	143 
1602	176 
1603	120 
1604	93 
1605	147 
1606	177 
1607	135 
1608	55 
1609	77 
1610	84 
1611	114 
1612	72 
1613	88 
1614	172 
1615	133 
1616	199 
1617	171 
1618	22 
1619	144 
1620	8 
1621	126 
1622	29 
1623	178 
1624	88 
1625	194 
1626	203 
1627	192 
1628	196 
1629	15 
1630	90 
1631	55 
1632	12 
1633	1 
1634	101 
1635	177 
1636	120 
1637	40 
1638	16 
1639	124 
1640	105 
1641	133 
1642	30 
1643	21 
1644	32 
1645	144 
1646	20 
1647	119 
1648	84 
1649	70 
1650	65 
1651	44 
1652	120 
1653	32 
1654	40 
1655	16 
1656	192 
1657	5 
1658	6 
1659	97 
1660	144 
1661	154 
1662	40 
1663	12 
1664	202 
1665	203 
1666	21 
1667	170 
1668	177 
1669	156 
1670	15 
1671	72 
1672	56 
1673	22 
1674	3 
1675	55 
1676	57 
1677	34 
1678	186 
1679	55 
1680	157 
1681	203 
1682	25 
1683	177 
1684	40 
1685	172 
1686	34 
1687	136 
1688	199 
1689	141 
1690	65 
1691	199 
1692	196 
1693	25 
1694	119 
1695	90 
1696	3 
1697	205 
1698	1 
1699	164 
1700	102 
1701	192 
1702	184 
1703	164 
1704	6 
1705	190 
1706	79 
1707	43 
1708	131 
1709	177 
1710	131 
1711	145 
1712	163 
1713	158 
1714	97 
1715	65 
1716	66 
1717	135 
1718	24 
1719	100 
1720	103 
1721	131 
1722	127 
1723	180 
1724	114 
1725	12 
1726	96 
1727	186 
1728	139 
1729	73 
1730	116 
1731	100 
1732	164 
1733	55 
1734	72 
1735	177 
1736	7 
1737	32 
1738	55 
1739	94 
1740	124 
1741	25 
1742	39 
1743	20 
1744	147 
1745	178 
1746	40 
1747	177 
1748	56 
1749	136 
1750	90 
1751	111 
1752	32 
1753	69 
1754	48 
1755	156 
1756	188 
1757	170 
1758	176 
1759	62 
1760	21 
1761	140 
1762	112 
1763	101 
1764	5 
1765	84 
1766	39 
1767	31 
1768	84 
1769	31 
1770	154 
1771	125 
1772	144 
1773	157 
1774	194 
1775	32 
1776	176 
1777	40 
1778	135 
1779	176 
1780	166 
1781	131 
1782	41 
1783	140 
1784	126 
1785	170 
1786	144 
1787	131 
1788	140 
1789	45 
1790	21 
1791	108 
1792	32 
1793	181 
1794	127 
1795	101 
1796	21 
1797	80 
1798	2 
1799	88 
1800	200 
1801	135 
1802	82 
1803	32 
1804	55 
1805	149 
1806	204 
1807	59 
1808	158 
1809	176 
1810	88 
1811	178 
1812	37 
1813	66 
1814	148 
1815	55 
1816	149 
1817	144 
1818	10 
1819	44 
1820	12 
1821	72 
1822	100 
1823	156 
1824	158 
1825	65 
1826	185 
1827	111 
1828	167 
1829	124 
1830	188 
1831	100 
1832	66 
1833	9 
1834	1 
1835	168 
1836	21 
1837	177 
1838	126 
1839	52 
1840	121 
1841	25 
1842	3 
1843	7 
1844	129 
1845	144 
1846	20 
1847	178 
1848	106 
1849	153 
1850	42 
1851	1 
1852	153 
1853	135 
1854	147 
1855	96 
1856	40 
1857	21 
1858	78 
1859	101 
1860	56 
1861	72 
1862	67 
1863	162 
1864	101 
1865	78 
1866	77 
1867	156 
1868	101 
1869	96 
1870	150 
1871	172 
1872	48 
1873	87 
1874	87 
1875	67 
1876	21 
1877	45 
1878	56 
1879	37 
1880	94 
1881	52 
1882	148 
1883	158 
1884	3 
1885	45 
1886	96 
1887	183 
1888	107 
1889	37 
1890	97 
1891	124 
1892	135 
1893	124 
1894	55 
1895	166 
1896	148 
1897	136 
1898	24 
1899	120 
1900	55 
1901	6 
1902	120 
1903	48 
1904	32 
1905	32 
1906	7 
1907	102 
1908	114 
1909	48 
1910	101 
1911	176 
1912	155 
1913	56 
1914	34 
1915	135 
1916	10 
1917	131 
1918	184 
1919	147 
1920	66 
1921	100 
1922	157 
1923	42 
1924	21 
1925	37 
1926	7 
1927	32 
1928	90 
1929	51 
1930	170 
1931	96 
1932	74 
1933	180 
1934	124 
1935	167 
1936	32 
1937	177 
1938	177 
1939	7 
1940	44 
1941	15 
1942	80 
1943	7 
1944	149 
1945	21 
1946	117 
1947	158 
1948	144 
1949	176 
1950	94 
1951	110 
1952	101 
1953	7 
1954	164 
1955	143 
1956	52 
1957	78 
1958	84 
1959	44 
1960	158 
1961	88 
1962	114 
1963	135 
1964	32 
1965	47 
1966	109 
1967	84 
1968	186 
1969	75 
1970	144 
1971	147 
1972	141 
1973	58 
1974	157 
1975	108 
1976	6 
1977	163 
1978	164 
1979	147 
1980	164 
1981	82 
1982	194 
1983	186 
1984	132 
1985	163 
1986	37 
1987	174 
1988	88 
1989	48 
1990	12 
1991	25 
1992	21 
1993	131 
1994	97 
1995	119 
1996	56 
1997	158 
1998	1 
1999	181 
2000	133 
2001	120 
2002	176 
2003	1 
2004	157 
2005	101 
2006	44 
2007	5 
2008	205 
2009	50 
2010	127 
2011	159 
2012	9 
2013	192 
2014	162 
2015	120 
2016	126 
2017	164 
2018	88 
2019	39 
2020	3 
2021	102 
2022	12 
2023	135 
2024	12 
2025	188 
2026	203 
2027	180 
2028	44 
2029	65 
2030	65 
2031	135 
2032	12 
2033	114 
2034	147 
2035	66 
2036	78 
2037	40 
2038	97 
2039	7 
2040	45 
2041	192 
2042	66 
2043	192 
2044	44 
2045	178 
2046	132 
2047	131 
2048	164 
2049	162 
2050	88 
2051	177 
2052	65 
2053	29 
2054	135 
2055	194 
2056	144 
2057	184 
2058	66 
2059	153 
2060	21 
2061	151 
2062	135 
2063	58 
2064	5 
2065	109 
2066	133 
2067	157 
2068	32 
2069	144 
2070	155 
2071	135 
2072	123 
2073	158 
2074	17 
2075	12 
2076	124 
2077	97 
2078	5 
2079	148 
2080	25 
2081	90 
2082	182 
2083	40 
2084	132 
2085	124 
2086	49 
2087	84 
2088	52 
2089	186 
2090	25 
2091	174 
2092	127 
2093	21 
2094	5 
2095	185 
2096	144 
2097	160 
2098	133 
2099	15 
2100	114 
2101	40 
2102	162 
2103	96 
2104	133 
2105	25 
2106	94 
2107	117 
2108	135 
2109	61 
2110	100 
2111	48 
2112	184 
2113	12 
2114	135 
2115	55 
2116	158 
2117	25 
2118	133 
2119	57 
2120	20 
2121	48 
2122	30 
2123	57 
2124	120 
2125	52 
2126	176 
2127	89 
2128	114 
2129	159 
2130	6 
2131	88 
2132	176 
2133	94 
2134	70 
2135	166 
2136	118 
2137	170 
2138	108 
2139	27 
2140	9 
2141	74 
2142	114 
2143	102 
2144	6 
2145	65 
2146	55 
2147	127 
2148	55 
2149	3 
2150	84 
2151	37 
2152	56 
2153	56 
2154	158 
2155	56 
2156	71 
2157	126 
2158	122 
2159	61 
2160	51 
2161	84 
2162	65 
2163	6 
2164	8 
2165	150 
2166	130 
2167	100 
2168	147 
2169	177 
2170	203 
2171	166 
2172	28 
2173	40 
2174	40 
2175	81 
2176	130 
2177	86 
2178	147 
2179	176 
2180	131 
2181	16 
2182	3 
2183	49 
2184	95 
2185	194 
2186	153 
2187	32 
2188	44 
2189	12 
2190	164 
2191	51 
2192	140 
2193	6 
2194	158 
2195	87 
2196	3 
2197	135 
2198	57 
2199	131 
2200	40 
2201	44 
2202	32 
2203	195 
2204	52 
2205	123 
2206	84 
2207	83 
2208	136 
2209	12 
2210	133 
2211	176 
2212	29 
2213	170 
2214	37 
2215	148 
2216	131 
2217	90 
2218	195 
2219	155 
2220	66 
2221	140 
2222	57 
2223	183 
2224	88 
2225	128 
2226	120 
2227	119 
2228	55 
2229	6 
2230	23 
2231	86 
2232	179 
2233	65 
2234	144 
2235	1 
2236	21 
2237	3 
2238	101 
2239	202 
2240	27 
2241	13 
2242	140 
2243	195 
2244	27 
2245	190 
2246	122 
2247	155 
2248	191 
2249	5 
2250	166 
2251	194 
2252	51 
2253	73 
2254	1 
2255	164 
2256	156 
2257	174 
2258	114 
2259	67 
2260	96 
2261	21 
2262	141 
2263	8 
2264	149 
2265	97 
2266	52 
2267	158 
2268	177 
2269	25 
2270	61 
2271	124 
2272	141 
2273	186 
2274	114 
2275	66 
2276	194 
2277	27 
2278	40 
2279	155 
2280	153 
2281	126 
2282	197 
2283	66 
2284	3 
2285	135 
2286	186 
2287	120 
2288	90 
2289	146 
2290	177 
2291	90 
2292	8 
2293	1 
2294	120 
2295	95 
2296	84 
2297	156 
2298	12 
2299	63 
2300	33 
2301	5 
2302	164 
2303	94 
2304	192 
2305	1 
2306	188 
2307	96 
2308	37 
2309	184 
2310	100 
2311	25 
2312	127 
2313	3 
2314	90 
2315	21 
2316	101 
2317	66 
2318	177 
2319	169 
2320	186 
2321	48 
2322	140 
2323	135 
2324	114 
2325	127 
2326	66 
2327	10 
2328	177 
2329	173 
2330	177 
2331	44 
2332	126 
2333	194 
2334	39 
2335	134 
2336	3 
2337	140 
2338	120 
2339	21 
2340	12 
2341	177 
2342	155 
2343	197 
2344	133 
2345	124 
2346	84 
2347	66 
2348	88 
2349	26 
2350	40 
2351	25 
2352	158 
2353	131 
2354	144 
2355	202 
2356	14 
2357	57 
2358	65 
2359	81 
2360	194 
2361	97 
2362	131 
2363	156 
2364	178 
2365	39 
2366	78 
2367	131 
2368	133 
2369	155 
2370	114 
2371	89 
2372	90 
2373	188 
2374	155 
2375	99 
2376	55 
2377	120 
2378	133 
2379	127 
2380	94 
2381	141 
2382	99 
2383	96 
2384	97 
2385	90 
2386	33 
2387	143 
2388	72 
2389	177 
2390	132 
2391	140 
2392	71 
2393	96 
2394	104 
2395	102 
2396	21 
2397	30 
2398	30 
2399	182 
2400	12 
2401	101 
2402	65 
2403	112 
2404	41 
2405	6 
2406	44 
2407	157 
2408	188 
2409	127 
2410	56 
2411	88 
2412	21 
2413	109 
2414	131 
2415	97 
2416	135 
2417	84 
2418	199 
2419	3 
2420	149 
2421	39 
2422	110 
2423	89 
2424	72 
2425	44 
2426	71 
2427	161 
2428	21 
2429	32 
2430	133 
2431	100 
2432	155 
2433	147 
2434	21 
2435	32 
2436	141 
2437	56 
2438	6 
2439	184 
2440	187 
2441	42 
2442	184 
2443	162 
2444	127 
2445	124 
2446	158 
2447	189 
2448	155 
2449	178 
2450	197 
2451	133 
2452	107 
2453	99 
2454	163 
2455	67 
2456	30 
2457	163 
2458	114 
2459	38 
2460	202 
2461	89 
2462	201 
2463	74 
2464	105 
2465	66 
2466	135 
2467	97 
2468	4 
2469	118 
2470	25 
2471	16 
2472	39 
2473	131 
2474	34 
2475	140 
2476	93 
2477	56 
2478	184 
2479	194 
2480	45 
2481	72 
2482	73 
2483	101 
2484	31 
2485	1 
2486	203 
2487	65 
2488	84 
2489	177 
2490	89 
2491	124 
2492	48 
2493	27 
2494	36 
2495	204 
2496	179 
2497	204 
2498	13 
2499	68 
2500	126 
2501	110 
2502	44 
2503	127 
2504	55 
2505	74 
2506	141 
2507	164 
2508	170 
2509	108 
2510	140 
2511	6 
2512	110 
2513	140 
2514	99 
2515	114 
2516	47 
2517	15 
2518	141 
2519	144 
2520	133 
2521	25 
2522	199 
2523	177 
2524	56 
2525	155 
2526	61 
2527	150 
2528	101 
2529	101 
2530	69 
2531	21 
2532	48 
2533	166 
2534	72 
2535	131 
2536	194 
2537	136 
2538	97 
2539	164 
2540	184 
2541	186 
2542	27 
2543	1 
2544	183 
2545	56 
2546	42 
2547	177 
2548	21 
2549	40 
2550	127 
2551	131 
2552	25 
2553	126 
2554	188 
2555	147 
2556	15 
2557	72 
2558	147 
2559	101 
2560	90 
2561	164 
2562	56 
2563	72 
2564	184 
2565	181 
2566	119 
2567	3 
2568	194 
2569	150 
2570	32 
2571	71 
2572	44 
2573	56 
2574	7 
2575	9 
2576	43 
2577	80 
2578	163 
2579	157 
2580	188 
2581	80 
2582	72 
2583	12 
2584	4 
2585	27 
2586	38 
2587	44 
2588	141 
2589	195 
2590	12 
2591	124 
2592	55 
2593	132 
2594	64 
2595	197 
2596	184 
2597	88 
2598	125 
2599	202 
2600	66 
2601	3 
2602	177 
2603	56 
2604	65 
2605	141 
2606	39 
2607	94 
2608	131 
2609	148 
2610	195 
2611	155 
2612	141 
2613	155 
2614	42 
2615	3 
2616	80 
2617	117 
2618	140 
2619	177 
2620	25 
2621	156 
2622	170 
2623	21 
2624	131 
2625	72 
2626	101 
2627	134 
2628	136 
2629	21 
2630	166 
2631	194 
2632	37 
2633	56 
2634	40 
2635	155 
2636	97 
2637	70 
2638	57 
2639	176 
2640	153 
2641	153 
2642	143 
2643	115 
2644	104 
2645	39 
2646	40 
2647	155 
2648	32 
2649	162 
2650	149 
2651	12 
2652	199 
2653	177 
2654	166 
2655	7 
2656	93 
2657	70 
2658	158 
2659	48 
2660	57 
2661	177 
2662	94 
2663	194 
2664	170 
2665	131 
2666	89 
2667	51 
2668	97 
2669	153 
2670	5 
2671	42 
2672	151 
2673	168 
2674	58 
2675	65 
2676	178 
2677	155 
2678	115 
2679	122 
2680	56 
2681	114 
2682	176 
2683	200 
2684	105 
2685	39 
2686	20 
2687	90 
2688	203 
2689	126 
2690	31 
2691	17 
2692	12 
2693	168 
2694	170 
2695	192 
2696	144 
2697	72 
2698	56 
2699	48 
2700	192 
2701	37 
2702	126 
2703	9 
2704	87 
2705	7 
2706	136 
2707	66 
2708	109 
2709	12 
2710	9 
2711	40 
2712	86 
2713	144 
2714	16 
2715	32 
2716	194 
2717	37 
2718	100 
2719	3 
2720	65 
2721	186 
2722	157 
2723	55 
2724	123 
2725	130 
2726	147 
2727	176 
2728	176 
2729	155 
2730	199 
2731	25 
2732	7 
2733	109 
2734	117 
2735	25 
2736	17 
2737	195 
2738	131 
2739	84 
2740	147 
2741	127 
2742	5 
2743	127 
2744	65 
2745	94 
2746	55 
2747	114 
2748	144 
2749	179 
2750	155 
2751	1 
2752	37 
2753	133 
2754	62 
2755	96 
2756	176 
2757	166 
2758	177 
2759	2 
2760	96 
2761	167 
2762	177 
2763	1 
2764	56 
2765	72 
2766	15 
2767	88 
2768	156 
2769	177 
2770	166 
2771	42 
2772	84 
2773	72 
2774	164 
2775	5 
2776	166 
2777	155 
2778	156 
2779	163 
2780	42 
2781	25 
2782	133 
2783	25 
2784	166 
2785	21 
2786	55 
2787	184 
2788	40 
2789	133 
2790	155 
2791	1 
2792	35 
2793	120 
2794	67 
2795	47 
2796	135 
2797	95 
2798	157 
2799	1 
2800	97 
2801	159 
2802	180 
2803	92 
2804	66 
2805	184 
2806	44 
2807	97 
2808	188 
2809	131 
2810	173 
2811	147 
2812	48 
2813	127 
2814	123 
2815	162 
2816	188 
2817	3 
2818	12 
2819	48 
2820	188 
2821	131 
2822	42 
2823	104 
2824	156 
2825	78 
2826	12 
2827	56 
2828	205 
2829	88 
2830	186 
2831	27 
2832	188 
2833	181 
2834	90 
2835	164 
2836	81 
2837	12 
2838	96 
2839	25 
2840	56 
2841	1 
2842	156 
2843	114 
2844	192 
2845	133 
2846	47 
2847	132 
2848	88 
2849	203 
2850	97 
2851	39 
2852	96 
2853	125 
2854	144 
2855	158 
2856	133 
2857	147 
2858	15 
2859	32 
2860	194 
2861	177 
2862	127 
2863	158 
2864	124 
2865	114 
2866	158 
2867	166 
2868	48 
2869	129 
2870	116 
2871	40 
2872	202 
2873	33 
2874	102 
2875	135 
2876	173 
2877	3 
2878	53 
2879	131 
2880	26 
2881	28 
2882	39 
2883	124 
2884	120 
2885	180 
2886	119 
2887	166 
2888	88 
2889	182 
2890	170 
2891	127 
2892	188 
2893	40 
2894	96 
2895	38 
2896	139 
2897	155 
2898	149 
2899	155 
2900	96 
2901	125 
2902	72 
2903	44 
2904	173 
2905	95 
2906	57 
2907	199 
2908	133 
2909	89 
2910	102 
2911	202 
2912	90 
2913	90 
2914	120 
2915	135 
2916	1 
2917	1 
2918	140 
2919	176 
2920	144 
2921	176 
2922	162 
2923	192 
2924	197 
2925	58 
2926	142 
2927	57 
2928	123 
2929	96 
2930	32 
2931	52 
2932	97 
2933	166 
2934	155 
2935	162 
2936	176 
2937	144 
2938	66 
2939	60 
2940	133 
2941	155 
2942	156 
2943	12 
2944	155 
2945	114 
2946	124 
2947	124 
2948	87 
2949	112 
2950	15 
2951	164 
2952	153 
2953	107 
2954	126 
2955	124 
2956	197 
2957	205 
2958	176 
2959	116 
2960	168 
2961	147 
2962	90 
2963	66 
2964	155 
2965	56 
2966	144 
2967	166 
2968	119 
2969	110 
2970	155 
2971	135 
2972	64 
2973	60 
2974	156 
2975	32 
2976	40 
2977	176 
2978	162 
2979	123 
2980	177 
2981	127 
2982	149 
2983	141 
2984	172 
2985	49 
2986	176 
2987	79 
2988	114 
2989	60 
2990	56 
2991	44 
2992	203 
2993	42 
2994	88 
2995	30 
2996	39 
2997	163 
2998	105 
2999	36 
3000	112 
3001	131 
3002	65 
3003	101 
3004	56 
3005	7 
3006	138 
3007	87 
3008	189 
3009	19 
3010	12 
3011	67 
3012	10 
3013	95 
3014	104 
3015	90 
3016	176 
3017	5 
3018	105 
3019	32 
3020	21 
3021	144 
3022	141 
3023	36 
3024	47 
3025	52 
3026	156 
3027	147 
3028	21 
3029	55 
3030	96 
3031	81 
3032	136 
3033	156 
3034	8 
3035	190 
3036	109 
3037	3 
3038	72 
3039	135 
3040	188 
3041	65 
3042	37 
3043	144 
3044	155 
3045	136 
3046	158 
3047	181 
3048	163 
3049	162 
3050	88 
3051	97 
3052	192 
3053	147 
3054	95 
3055	176 
3056	52 
3057	165 
3058	40 
3059	84 
3060	32 
3061	140 
3062	88 
3063	7 
3064	176 
3065	65 
3066	159 
3067	114 
3068	12 
3069	42 
3070	9 
3071	145 
3072	21 
3073	3 
3074	47 
3075	39 
3076	3 
3077	78 
3078	34 
3079	194 
3080	176 
3081	200 
3082	180 
3083	120 
3084	147 
3085	100 
3086	172 
3087	193 
3088	134 
3089	55 
3090	133 
3091	114 
3092	131 
3093	101 
3094	72 
3095	114 
3096	155 
3097	3 
3098	6 
3099	25 
3100	135 
3101	110 
3102	89 
3103	42 
3104	124 
3105	128 
3106	178 
3107	56 
3108	174 
3109	114 
3110	120 
3111	114 
3112	39 
3113	96 
3114	178 
3115	40 
3116	166 
3117	71 
3118	143 
3119	78 
3120	179 
3121	73 
3122	8 
3123	75 
3124	39 
3125	177 
3126	158 
3127	176 
3128	95 
3129	149 
3130	67 
3131	45 
3132	56 
3133	144 
3134	170 
3135	131 
3136	199 
3137	95 
3138	101 
3139	147 
3140	125 
3141	40 
3142	205 
3143	90 
3144	91 
3145	32 
3146	31 
3147	90 
3148	101 
3149	144 
3150	187 
3151	30 
3152	158 
3153	88 
3154	48 
3155	179 
3156	125 
3157	134 
3158	198 
3159	156 
3160	166 
3161	65 
3162	164 
3163	121 
3164	138 
3165	100 
3166	107 
3167	84 
3168	184 
3169	41 
3170	1 
3171	131 
3172	168 
3173	200 
3174	93 
3175	188 
3176	131 
3177	153 
3178	194 
3179	97 
3180	164 
3181	126 
3182	203 
3183	112 
3184	144 
3185	93 
3186	133 
3187	116 
3188	180 
3189	37 
3190	21 
3191	34 
3192	156 
3193	200 
3194	177 
3195	147 
3196	197 
3197	135 
3198	199 
3199	25 
3200	100 
3201	114 
3202	48 
3203	6 
3204	21 
3205	40 
3206	70 
3207	192 
3208	63 
3209	72 
3210	199 
3211	186 
3212	143 
3213	120 
3214	158 
3215	70 
3216	132 
3217	156 
3218	133 
3219	184 
3220	202 
3221	124 
3222	192 
3223	5 
3224	66 
3225	124 
3226	135 
3227	90 
3228	54 
3229	147 
3230	70 
3231	114 
3232	147 
3233	12 
3234	181 
3235	37 
3236	9 
3237	66 
3238	144 
3239	176 
3240	72 
3241	133 
3242	12 
3243	27 
3244	63 
3245	182 
3246	44 
3247	119 
3248	60 
3249	20 
3250	90 
3251	90 
3252	133 
3253	68 
3254	123 
3255	143 
3256	40 
3257	148 
3258	41 
3259	177 
3260	185 
3261	1 
3262	176 
3263	5 
3264	116 
3265	84 
3266	157 
3267	39 
3268	116 
3269	170 
3270	135 
3271	156 
3272	114 
3273	48 
3274	3 
3275	37 
3276	142 
3277	69 
3278	183 
3279	192 
3280	164 
3281	25 
3282	183 
3283	127 
3284	48 
3285	21 
3286	158 
3287	9 
3288	53 
3289	168 
3290	156 
3291	162 
3292	192 
3293	146 
3294	193 
3295	177 
3296	5 
3297	158 
3298	99 
3299	205 
3300	166 
3301	55 
3302	125 
3303	21 
3304	164 
3305	203 
3306	182 
3307	91 
3308	124 
3309	3 
3310	177 
3311	132 
3312	114 
3313	176 
3314	124 
3315	32 
3316	72 
3317	56 
3318	194 
3319	181 
3320	116 
3321	123 
3322	135 
3323	3 
3324	88 
3325	193 
3326	144 
3327	1 
3328	204 
3329	100 
3330	81 
3331	181 
3332	32 
3333	90 
3334	168 
3335	5 
3336	114 
3337	97 
3338	12 
3339	186 
3340	141 
3341	40 
3342	153 
3343	127 
3344	97 
3345	72 
3346	178 
3347	5 
3348	195 
3349	185 
3350	166 
3351	39 
3352	9 
3353	131 
3354	52 
3355	203 
3356	5 
3357	66 
3358	125 
3359	3 
3360	56 
3361	147 
3362	142 
3363	121 
3364	48 
3365	67 
3366	113 
3367	109 
3368	162 
3369	12 
3370	25 
3371	135 
3372	127 
3373	140 
3374	176 
3375	180 
3376	131 
3377	200 
3378	135 
3379	10 
3380	166 
3381	12 
3382	192 
3383	177 
3384	114 
3385	166 
3386	96 
3387	203 
3388	127 
3389	88 
3390	11 
3391	68 
3392	137 
3393	150 
3394	5 
3395	107 
3396	186 
3397	30 
3398	3 
3399	119 
3400	130 
3401	56 
3402	186 
3403	15 
3404	1 
3405	63 
3406	109 
3407	37 
3408	186 
3409	181 
3410	152 
3411	155 
3412	177 
3413	15 
3414	21 
3415	41 
3416	67 
3417	48 
3418	56 
3419	133 
3420	77 
3421	114 
3422	44 
3423	136 
3424	163 
3425	166 
3426	33 
3427	133 
3428	15 
3429	197 
3430	132 
3431	8 
3432	3 
3433	186 
3434	34 
3435	71 
3436	115 
3437	88 
3438	21 
3439	54 
3440	3 
3441	93 
3442	100 
3443	136 
3444	133 
3445	60 
3446	7 
3447	39 
3448	69 
3449	84 
3450	92 
3451	66 
3452	1 
3453	176 
3454	169 
3455	188 
3456	116 
3457	154 
3458	30 
3459	193 
3460	184 
3461	56 
3462	186 
3463	147 
3464	163 
3465	50 
3466	164 
3467	144 
3468	84 
3469	194 
3470	37 
3471	119 
3472	41 
3473	177 
3474	8 
3475	65 
3476	153 
3477	156 
3478	96 
3479	24 
3480	176 
3481	88 
3482	55 
3483	96 
3484	65 
3485	129 
3486	126 
3487	25 
3488	66 
3489	44 
3490	114 
3491	123 
3492	168 
3493	202 
3494	136 
3495	194 
3496	55 
3497	48 
3498	51 
3499	177 
3500	164 
3501	37 
3502	97 
3503	188 
3504	3 
3505	48 
3506	39 
3507	127 
3508	196 
3509	199 
3510	40 
3511	147 
3512	131 
3513	199 
3514	109 
3515	177 
3516	105 
3517	3 
3518	57 
3519	164 
3520	40 
3521	21 
3522	15 
3523	90 
3524	172 
3525	122 
3526	97 
3527	162 
3528	9 
3529	3 
3530	184 
3531	30 
3532	64 
3533	153 
3534	127 
3535	6 
3536	140 
3537	72 
3538	158 
3539	96 
3540	157 
3541	56 
3542	135 
3543	21 
3544	40 
3545	66 
3546	167 
3547	72 
3548	203 
3549	27 
3550	38 
3551	97 
3552	8 
3553	133 
3554	51 
3555	53 
3556	101 
3557	45 
3558	153 
3559	114 
3560	152 
3561	193 
3562	105 
3563	130 
3564	78 
3565	8 
3566	65 
3567	60 
3568	76 
3569	112 
3570	153 
3571	175 
3572	66 
3573	41 
3574	177 
3575	135 
3576	97 
3577	12 
3578	180 
3579	2 
3580	71 
3581	131 
3582	17 
3583	40 
3584	48 
3585	178 
3586	101 
3587	88 
3588	21 
3589	124 
3590	120 
3591	65 
3592	168 
3593	155 
3594	164 
3595	186 
3596	3 
3597	135 
3598	70 
3599	141 
3600	156 
3601	72 
3602	78 
3603	26 
3604	203 
3605	118 
3606	112 
3607	88 
3608	147 
3609	67 
3610	84 
3611	178 
3612	101 
3613	162 
3614	123 
3615	83 
3616	186 
3617	109 
3618	135 
3619	66 
3620	186 
3621	138 
3622	144 
3623	52 
3624	127 
3625	182 
3626	56 
3627	177 
3628	42 
3629	200 
3630	23 
3631	90 
3632	170 
3633	97 
3634	3 
3635	78 
3636	204 
3637	72 
3638	90 
3639	202 
3640	39 
3641	86 
3642	200 
3643	21 
3644	96 
3645	126 
3646	186 
3647	147 
3648	32 
3649	78 
3650	133 
3651	66 
3652	123 
3653	40 
3654	48 
3655	57 
3656	67 
3657	108 
3658	11 
3659	62 
3660	175 
3661	186 
3662	124 
3663	162 
3664	147 
3665	144 
3666	21 
3667	10 
3668	55 
3669	123 
3670	124 
3671	74 
3672	72 
3673	189 
3674	173 
3675	88 
3676	44 
3677	12 
3678	153 
3679	155 
3680	84 
3681	144 
3682	116 
3683	25 
3684	3 
3685	133 
3686	123 
3687	188 
3688	35 
3689	155 
3690	188 
3691	119 
3692	37 
3693	148 
3694	56 
3695	70 
3696	134 
3697	66 
3698	90 
3699	200 
3700	126 
3701	166 
3702	74 
3703	158 
3704	196 
3705	3 
3706	205 
3707	34 
3708	103 
3709	84 
3710	104 
3711	58 
3712	153 
3713	12 
3714	135 
3715	25 
3716	131 
3717	177 
3718	203 
3719	95 
3720	56 
3721	3 
3722	135 
3723	144 
3724	97 
3725	177 
3726	192 
3727	147 
3728	114 
3729	27 
3730	27 
3731	72 
3732	40 
3733	136 
3734	166 
3735	8 
3736	92 
3737	124 
3738	84 
3739	19 
3740	114 
3741	161 
3742	120 
3743	69 
3744	112 
3745	188 
3746	180 
3747	185 
3748	123 
3749	166 
3750	144 
3751	91 
3752	146 
3753	37 
3754	3 
3755	3 
3756	71 
3757	117 
3758	65 
3759	37 
3760	90 
3761	198 
3762	104 
3763	111 
3764	56 
3765	198 
3766	55 
3767	158 
3768	131 
3769	90 
3770	3 
3771	94 
3772	177 
3773	36 
3774	144 
3775	72 
3776	114 
3777	66 
3778	140 
3779	66 
3780	109 
3781	155 
3782	88 
3783	31 
3784	186 
3785	101 
3786	158 
3787	108 
3788	176 
3789	84 
3790	25 
3791	131 
3792	156 
3793	126 
3794	56 
3795	25 
3796	148 
3797	10 
3798	180 
3799	155 
3800	30 
3801	56 
3802	69 
3803	127 
3804	84 
3805	188 
3806	106 
3807	57 
3808	162 
3809	10 
3810	145 
3811	25 
3812	148 
3813	52 
3814	109 
3815	44 
3816	76 
3817	44 
3818	44 
3819	105 
3820	56 
3821	105 
3822	12 
3823	164 
3824	7 
3825	184 
3826	202 
3827	101 
3828	194 
3829	168 
3830	156 
3831	168 
3832	52 
3833	65 
3834	44 
3835	82 
3836	135 
3837	200 
3838	194 
3839	147 
3840	52 
3841	21 
3842	120 
3843	5 
3844	78 
3845	162 
3846	48 
3847	116 
3848	169 
3849	55 
3850	110 
3851	117 
3852	162 
3853	144 
3854	88 
3855	56 
3856	90 
3857	127 
3858	149 
3859	120 
3860	131 
3861	89 
3862	176 
3863	119 
3864	90 
3865	100 
3866	1 
3867	144 
3868	126 
3869	94 
3870	144 
3871	13 
3872	144 
3873	92 
3874	124 
3875	89 
3876	92 
3877	147 
3878	199 
3879	124 
3880	203 
3881	157 
3882	126 
3883	62 
3884	167 
3885	137 
3886	174 
3887	190 
3888	188 
3889	168 
3890	155 
3891	136 
3892	66 
3893	158 
3894	192 
3895	47 
3896	57 
3897	88 
3898	84 
3899	90 
3900	27 
3901	47 
3902	5 
3903	106 
3904	158 
3905	178 
3906	88 
3907	155 
3908	147 
3909	192 
3910	32 
3911	25 
3912	25 
3913	186 
3914	99 
3915	118 
3916	204 
3917	21 
3918	141 
3919	90 
3920	47 
3921	101 
3922	104 
3923	7 
3924	192 
3925	90 
3926	116 
3927	56 
3928	136 
3929	131 
3930	88 
3931	72 
3932	88 
3933	7 
3934	164 
3935	97 
3936	25 
3937	136 
3938	100 
3939	150 
3940	7 
3941	3 
3942	141 
3943	162 
3944	21 
3945	188 
3946	114 
3947	140 
3948	40 
3949	158 
3950	78 
3951	26 
3952	127 
3953	80 
3954	177 
3955	63 
3956	124 
3957	129 
3958	37 
3959	42 
3960	62 
3961	139 
3962	55 
3963	204 
3964	123 
3965	203 
3966	123 
3967	1 
3968	66 
3969	66 
3970	59 
3971	40 
3972	147 
3973	12 
3974	96 
3975	96 
3976	147 
3977	70 
3978	192 
3979	136 
3980	133 
3981	101 
3982	120 
3983	55 
3984	70 
3985	166 
3986	181 
3987	133 
3988	37 
3989	66 
3990	99 
3991	84 
3992	56 
3993	83 
3994	70 
3995	166 
3996	181 
3997	114 
3998	127 
3999	147 
4000	40 
4001	120 
4002	40 
4003	114 
4004	99 
4005	67 
4006	57 
4007	177 
4008	89 
4009	27 
4010	42 
4011	66 
4012	188 
4013	133 
4014	47 
4015	188 
4016	44 
4017	100 
4018	100 
4019	55 
4020	178 
4021	140 
4022	11 
4023	5 
4024	149 
4025	25 
4026	37 
4027	16 
4028	44 
4029	9 
4030	144 
4031	188 
4032	156 
4033	25 
4034	90 
4035	56 
4036	27 
4037	110 
4038	119 
4039	3 
4040	70 
4041	132 
4042	70 
4043	88 
4044	84 
4045	62 
4046	124 
4047	203 
4048	196 
4049	125 
4050	6 
4051	65 
4052	184 
4053	110 
4054	80 
4055	200 
4056	100 
4057	188 
4058	135 
4059	42 
4060	131 
4061	171 
4062	186 
4063	62 
4064	137 
4065	8 
4066	26 
4067	44 
4068	59 
4069	120 
4070	74 
4071	69 
4072	202 
4073	27 
4074	171 
4075	148 
4076	26 
4077	140 
4078	32 
4079	66 
4080	147 
4081	132 
4082	130 
4083	120 
4084	191 
4085	65 
4086	105 
4087	96 
4088	15 
4089	144 
4090	48 
4091	116 
4092	164 
4093	37 
4094	131 
4095	100 
4096	25 
4097	55 
4098	155 
4099	47 
4100	188 
4101	88 
4102	28 
4103	158 
4104	172 
4105	144 
4106	202 
4107	88 
4108	42 
4109	33 
4110	50 
4111	136 
4112	186 
4113	156 
4114	32 
4115	32 
4116	108 
4117	184 
4118	94 
4119	25 
4120	186 
4121	10 
4122	149 
4123	177 
4124	67 
4125	44 
4126	135 
4127	153 
4128	68 
4129	162 
4130	187 
4131	9 
4132	40 
4133	104 
4134	110 
4135	28 
4136	66 
4137	97 
4138	88 
4139	141 
4140	176 
4141	162 
4142	109 
4143	90 
4144	114 
4145	88 
4146	166 
4147	25 
4148	109 
4149	96 
4150	120 
4151	7 
4152	144 
4153	185 
4154	164 
4155	3 
4156	177 
4157	42 
4158	140 
4159	142 
4160	137 
4161	175 
4162	184 
4163	4 
4164	66 
4165	39 
4166	184 
4167	72 
4168	21 
4169	90 
4170	155 
4171	127 
4172	40 
4173	177 
4174	84 
4175	157 
4176	199 
4177	165 
4178	67 
4179	101 
4180	95 
4181	36 
4182	182 
4183	78 
4184	131 
4185	194 
4186	90 
4187	136 
4188	147 
4189	55 
4190	37 
4191	36 
4192	155 
4193	5 
4194	32 
4195	44 
4196	144 
4197	44 
4198	126 
4199	177 
4200	15 
4201	12 
4202	181 
4203	68 
4204	72 
4205	166 
4206	5 
4207	185 
4208	147 
4209	5 
4210	96 
4211	147 
4212	48 
4213	85 
4214	196 
4215	158 
4216	37 
4217	99 
4218	44 
4219	104 
4220	143 
4221	101 
4222	72 
4223	127 
4224	42 
4225	176 
4226	181 
4227	6 
4228	178 
4229	42 
4230	176 
4231	126 
4232	182 
4233	25 
4234	5 
4235	136 
4236	184 
4237	39 
4238	119 
4239	47 
4240	186 
4241	177 
4242	2 
4243	6 
4244	40 
4245	65 
4246	17 
4247	37 
4248	73 
4249	123 
4250	84 
4251	96 
4252	133 
4253	153 
4254	37 
4255	5 
4256	158 
4257	120 
4258	37 
4259	166 
4260	138 
4261	89 
4262	42 
4263	187 
4264	7 
4265	131 
4266	188 
4267	147 
4268	194 
4269	8 
4270	21 
4271	202 
4272	177 
4273	73 
4274	89 
4275	13 
4276	181 
4277	122 
4278	102 
4279	174 
4280	55 
4281	56 
4282	124 
4283	37 
4284	47 
4285	103 
4286	7 
4287	30 
4288	71 
4289	2 
4290	166 
4291	150 
4292	96 
4293	133 
4294	131 
4295	127 
4296	144 
4297	163 
4298	170 
4299	184 
4300	186 
4301	123 
4302	66 
4303	161 
4304	202 
4305	14 
4306	56 
4307	146 
4308	127 
4309	191 
4310	164 
4311	9 
4312	133 
4313	39 
4314	135 
4315	44 
4316	96 
4317	34 
4318	85 
4319	161 
4320	44 
4321	114 
4322	52 
4323	100 
4324	192 
4325	1 
4326	20 
4327	50 
4328	141 
4329	42 
4330	80 
4331	147 
4332	44 
4333	155 
4334	182 
4335	90 
4336	118 
4337	90 
4338	161 
4339	89 
4340	199 
4341	90 
4342	170 
4343	94 
4344	156 
4345	158 
4346	25 
4347	2 
4348	155 
4349	114 
4350	69 
4351	44 
4352	196 
4353	144 
4354	195 
4355	162 
4356	84 
4357	77 
4358	157 
4359	56 
4360	128 
4361	42 
4362	104 
4363	66 
4364	48 
4365	135 
4366	25 
4367	9 
4368	181 
4369	184 
4370	89 
4371	166 
4372	7 
4373	150 
4374	126 
4375	34 
4376	199 
4377	155 
4378	37 
4379	127 
4380	24 
4381	84 
4382	110 
4383	37 
4384	136 
4385	70 
4386	100 
4387	96 
4388	12 
4389	141 
4390	156 
4391	176 
4392	147 
4393	25 
4394	21 
4395	14 
4396	170 
4397	155 
4398	147 
4399	135 
4400	114 
4401	72 
4402	1 
4403	25 
4404	84 
4405	34 
4406	56 
4407	194 
4408	176 
4409	65 
4410	176 
4411	119 
4412	125 
4413	44 
4414	3 
4415	192 
4416	1 
4417	147 
4418	84 
4419	56 
4420	181 
4421	47 
4422	126 
4423	21 
4424	80 
4425	56 
4426	115 
4427	94 
4428	87 
4429	64 
4430	122 
4431	30 
4432	32 
4433	205 
4434	95 
4435	9 
4436	44 
4437	205 
4438	196 
4439	199 
4440	108 
4441	127 
4442	202 
4443	155 
4444	90 
4445	166 
4446	178 
4447	6 
4448	97 
4449	56 
4450	150 
4451	135 
4452	72 
4453	152 
4454	49 
4455	105 
4456	78 
4457	192 
4458	194 
4459	60 
4460	11 
4461	88 
4462	149 
4463	84 
4464	47 
4465	203 
4466	66 
4467	84 
4468	100 
4469	95 
4470	13 
4471	158 
4472	12 
4473	199 
4474	188 
4475	131 
4476	57 
4477	177 
4478	65 
4479	48 
4480	148 
4481	96 
4482	72 
4483	37 
4484	84 
4485	184 
4486	112 
4487	123 
4488	102 
4489	72 
4490	39 
4491	109 
4492	86 
4493	152 
4494	157 
4495	49 
4496	3 
4497	131 
4498	117 
4499	181 
4500	84 
4501	135 
4502	177 
4503	39 
4504	131 
4505	95 
4506	183 
4507	56 
4508	124 
4509	6 
4510	200 
4511	156 
4512	164 
4513	155 
4514	88 
4515	164 
4516	133 
4517	140 
4518	176 
4519	65 
4520	166 
4521	85 
4522	9 
4523	72 
4524	192 
4525	161 
4526	119 
4527	127 
4528	182 
4529	170 
4530	135 
4531	155 
4532	135 
4533	6 
4534	88 
4535	119 
4536	114 
4537	40 
4538	162 
4539	21 
4540	101 
4541	188 
4542	158 
4543	194 
4544	166 
4545	52 
4546	21 
4547	178 
4548	124 
4549	48 
4550	100 
4551	40 
4552	178 
4553	197 
4554	155 
4555	177 
4556	87 
4557	55 
4558	25 
4559	156 
4560	44 
4561	144 
4562	50 
4563	147 
4564	95 
4565	32 
4566	83 
4567	135 
4568	140 
4569	3 
4570	158 
4571	127 
4572	158 
4573	184 
4574	136 
4575	67 
4576	27 
4577	23 
4578	5 
4579	131 
4580	186 
4581	90 
4582	42 
4583	194 
4584	162 
4585	1 
4586	164 
4587	25 
4588	77 
4589	157 
4590	96 
4591	156 
4592	25 
4593	96 
4594	187 
4595	42 
4596	133 
4597	39 
4598	94 
4599	104 
4600	32 
4601	108 
4602	135 
4603	56 
4604	184 
4605	166 
4606	149 
4607	141 
4608	120 
4609	84 
4610	124 
4611	39 
4612	181 
4613	25 
4614	46 
4615	131 
4616	109 
4617	52 
4618	55 
4619	26 
4620	140 
4621	127 
4622	186 
4623	3 
4624	178 
4625	90 
4626	188 
4627	156 
4628	166 
4629	148 
4630	39 
4631	129 
4632	188 
4633	181 
4634	90 
4635	48 
4636	176 
4637	154 
4638	163 
4639	178 
4640	105 
4641	21 
4642	59 
4643	155 
4644	164 
4645	147 
4646	79 
4647	171 
4648	147 
4649	184 
4650	181 
4651	200 
4652	170 
4653	37 
4654	26 
4655	7 
4656	126 
4657	72 
4658	114 
4659	186 
4660	9 
4661	84 
4662	132 
4663	127 
4664	131 
4665	184 
4666	12 
4667	181 
4668	44 
4669	113 
4670	48 
4671	170 
4672	194 
4673	186 
4674	36 
4675	32 
4676	68 
4677	44 
4678	120 
4679	32 
4680	74 
4681	56 
4682	25 
4683	96 
4684	158 
4685	44 
4686	186 
4687	12 
4688	27 
4689	42 
4690	155 
4691	74 
4692	3 
4693	21 
4694	109 
4695	71 
4696	164 
4697	88 
4698	87 
4699	126 
4700	115 
4701	88 
4702	166 
4703	36 
4704	147 
4705	21 
4706	32 
4707	57 
4708	200 
4709	181 
4710	115 
4711	71 
4712	73 
4713	12 
4714	119 
4715	157 
4716	26 
4717	158 
4718	3 
4719	104 
4720	65 
4721	100 
4722	71 
4723	177 
4724	176 
4725	63 
4726	184 
4727	202 
4728	1 
4729	90 
4730	67 
4731	6 
4732	123 
4733	164 
4734	133 
4735	51 
4736	97 
4737	42 
4738	67 
4739	47 
4740	80 
4741	56 
4742	90 
4743	115 
4744	66 
4745	184 
4746	97 
4747	73 
4748	162 
4749	132 
4750	147 
4751	66 
4752	84 
4753	154 
4754	56 
4755	155 
4756	125 
4757	56 
4758	135 
4759	155 
4760	39 
4761	120 
4762	131 
4763	90 
4764	12 
4765	155 
4766	147 
4767	112 
4768	1 
4769	56 
4770	88 
4771	56 
4772	56 
4773	122 
4774	186 
4775	147 
4776	40 
4777	100 
4778	127 
4779	21 
4780	143 
4781	56 
4782	124 
4783	120 
4784	67 
4785	55 
4786	21 
4787	32 
4788	150 
4789	182 
4790	94 
4791	12 
4792	47 
4793	75 
4794	97 
4795	170 
4796	140 
4797	147 
4798	12 
4799	44 
4800	34 
4801	155 
4802	101 
4803	84 
4804	48 
4805	131 
4806	96 
4807	48 
4808	29 
4809	147 
4810	12 
4811	192 
4812	33 
4813	149 
4814	19 
4815	56 
4816	155 
4817	29 
4818	90 
4819	84 
4820	72 
4821	177 
4822	89 
4823	203 
4824	155 
4825	36 
4826	1 
4827	52 
4828	164 
4829	141 
4830	32 
4831	188 
4832	127 
4833	131 
4834	120 
4835	126 
4836	147 
4837	56 
4838	65 
4839	203 
4840	39 
4841	176 
4842	143 
4843	51 
4844	65 
4845	126 
4846	144 
4847	170 
4848	44 
4849	182 
4850	103 
4851	127 
4852	107 
4853	26 
4854	76 
4855	162 
4856	94 
4857	176 
4858	132 
4859	21 
4860	164 
4861	186 
4862	177 
4863	178 
4864	10 
4865	158 
4866	177 
4867	197 
4868	101 
4869	72 
4870	164 
4871	133 
4872	192 
4873	181 
4874	77 
4875	101 
4876	49 
4877	10 
4878	6 
4879	46 
4880	188 
4881	124 
4882	101 
4883	127 
4884	55 
4885	57 
4886	120 
4887	136 
4888	1 
4889	20 
4890	133 
4891	113 
4892	158 
4893	44 
4894	158 
4895	49 
4896	27 
4897	25 
4898	184 
4899	5 
4900	155 
4901	66 
4902	40 
4903	40 
4904	123 
4905	113 
4906	54 
4907	71 
4908	48 
4909	72 
4910	78 
4911	131 
4912	21 
4913	94 
4914	56 
4915	84 
4916	48 
4917	147 
4918	71 
4919	67 
4920	90 
4921	71 
4922	186 
4923	90 
4924	144 
4925	203 
4926	194 
4927	144 
4928	127 
4929	65 
4930	39 
4931	75 
4932	50 
4933	66 
4934	196 
4935	33 
4936	147 
4937	84 
4938	141 
4939	195 
4940	153 
4941	48 
4942	71 
4943	32 
4944	164 
4945	162 
4946	181 
4947	176 
4948	104 
4949	6 
4950	144 
4951	96 
4952	123 
4953	88 
4954	52 
4955	147 
4956	15 
4957	182 
4958	66 
4959	25 
4960	16 
4961	164 
4962	167 
4963	37 
4964	164 
4965	70 
4966	131 
4967	61 
4968	186 
4969	131 
4970	96 
4971	104 
4972	56 
4973	80 
4974	34 
4975	48 
4976	186 
4977	46 
4978	131 
4979	153 
4980	40 
4981	96 
4982	90 
4983	97 
4984	69 
4985	73 
4986	101 
4987	162 
4988	67 
4989	144 
4990	87 
4991	146 
4992	131 
4993	88 
4994	33 
4995	90 
4996	105 
4997	88 
4998	188 
4999	58 
5000	109 
5001	84 
5002	48 
5003	155 
5004	147 
5005	164 
5006	57 
5007	66 
5008	37 
5009	52 
5010	84 
5011	164 
5012	199 
5013	52 
5014	56 
5015	38 
5016	133 
5017	124 
5018	135 
5019	71 
5020	5 
5021	15 
5022	90 
5023	67 
5024	188 
5025	18 
5026	183 
5027	3 
5028	156 
5029	65 
5030	32 
5031	147 
5032	120 
5033	66 
5034	44 
5035	23 
5036	184 
5037	155 
5038	124 
5039	151 
5040	146 
5041	96 
5042	184 
5043	79 
5044	21 
5045	114 
5046	184 
5047	21 
5048	156 
5049	103 
5050	124 
5051	177 
5052	48 
5053	85 
5054	13 
5055	87 
5056	200 
5057	30 
5058	156 
5059	127 
5060	21 
5061	156 
5062	178 
5063	124 
5064	26 
5065	166 
5066	32 
5067	25 
5068	89 
5069	136 
5070	65 
5071	164 
5072	165 
5073	66 
5074	90 
5075	156 
5076	202 
5077	5 
5078	155 
5079	5 
5080	100 
5081	125 
5082	143 
5083	168 
5084	115 
5085	66 
5086	26 
5087	167 
5088	140 
5089	78 
5090	131 
5091	159 
5092	72 
5093	124 
5094	25 
5095	144 
5096	108 
5097	47 
5098	95 
5099	32 
5100	4 
5101	84 
5102	150 
5103	60 
5104	156 
5105	87 
5106	184 
5107	109 
5108	66 
5109	58 
5110	88 
5111	88 
5112	72 
5113	3 
5114	166 
5115	135 
5116	194 
5117	1 
5118	124 
5119	78 
5120	84 
5121	55 
5122	31 
5123	7 
5124	181 
5125	44 
5126	6 
5127	100 
5128	21 
5129	43 
5130	61 
5131	21 
5132	106 
5133	182 
5134	181 
5135	147 
5136	80 
5137	114 
5138	153 
5139	186 
5140	205 
5141	37 
5142	44 
5143	4 
5144	194 
5145	6 
5146	107 
5147	66 
5148	101 
5149	15 
5150	101 
5151	44 
5152	146 
5153	181 
5154	33 
5155	133 
5156	57 
5157	186 
5158	174 
5159	127 
5160	162 
5161	84 
5162	21 
5163	5 
5164	135 
5165	164 
5166	37 
5167	176 
5168	27 
5169	146 
5170	81 
5171	156 
5172	7 
5173	88 
5174	151 
5175	39 
5176	65 
5177	181 
5178	141 
5179	188 
5180	164 
5181	156 
5182	21 
5183	27 
5184	10 
5185	199 
5186	81 
5187	123 
5188	96 
5189	192 
5190	176 
5191	175 
5192	120 
5193	155 
5194	185 
5195	127 
5196	44 
5197	48 
5198	178 
5199	122 
5200	48 
5201	125 
5202	177 
5203	143 
5204	109 
5205	192 
5206	123 
5207	127 
5208	164 
5209	184 
5210	57 
5211	15 
5212	55 
5213	3 
5214	171 
5215	149 
5216	25 
5217	56 
5218	3 
5219	88 
5220	26 
5221	88 
5222	135 
5223	135 
5224	56 
5225	21 
5226	63 
5227	144 
5228	203 
5229	180 
5230	184 
5231	90 
5232	164 
5233	37 
5234	191 
5235	147 
5236	48 
5237	40 
5238	62 
5239	147 
5240	3 
5241	177 
5242	73 
5243	51 
5244	177 
5245	59 
5246	140 
5247	100 
5248	6 
5249	44 
5250	78 
5251	94 
5252	100 
5253	72 
5254	123 
5255	3 
5256	166 
5257	144 
5258	174 
5259	44 
5260	127 
5261	67 
5262	53 
5263	87 
5264	157 
5265	12 
5266	94 
5267	60 
5268	21 
5269	176 
5270	32 
5271	97 
5272	95 
5273	173 
5274	90 
5275	120 
5276	131 
5277	78 
5278	135 
5279	56 
5280	32 
5281	119 
5282	90 
5283	164 
5284	47 
5285	21 
5286	136 
5287	158 
5288	166 
5289	84 
5290	46 
5291	135 
5292	149 
5293	57 
5294	177 
5295	55 
5296	44 
5297	18 
5298	191 
5299	172 
5300	105 
5301	176 
5302	48 
5303	144 
5304	56 
5305	116 
5306	133 
5307	125 
5308	32 
5309	14 
5310	131 
5311	124 
5312	66 
5313	177 
5314	48 
5315	75 
5316	90 
5317	21 
5318	102 
5319	101 
5320	88 
5321	55 
5322	184 
5323	190 
5324	178 
5325	66 
5326	181 
5327	105 
5328	99 
5329	182 
5330	131 
5331	55 
5332	22 
5333	144 
5334	105 
5335	131 
5336	119 
5337	72 
5338	65 
5339	55 
5340	135 
5341	3 
5342	153 
5343	48 
5344	90 
5345	44 
5346	2 
5347	94 
5348	70 
5349	136 
5350	155 
5351	39 
5352	125 
5353	90 
5354	123 
5355	48 
5356	48 
5357	101 
5358	184 
5359	81 
5360	24 
5361	162 
5362	97 
5363	131 
5364	155 
5365	78 
5366	155 
5367	5 
5368	3 
5369	35 
5370	194 
5371	135 
5372	100 
5373	131 
5374	87 
5375	36 
5376	107 
5377	64 
5378	101 
5379	17 
5380	25 
5381	5 
5382	18 
5383	58 
5384	186 
5385	2 
5386	109 
5387	72 
5388	88 
5389	124 
5390	194 
5391	71 
5392	125 
5393	124 
5394	7 
5395	12 
5396	182 
5397	25 
5398	48 
5399	25 
5400	25 
5401	144 
5402	48 
5403	177 
5404	66 
5405	161 
5406	123 
5407	186 
5408	56 
5409	36 
5410	124 
5411	170 
5412	181 
5413	115 
5414	126 
5415	197 
5416	177 
5417	65 
5418	158 
5419	65 
5420	84 
5421	180 
5422	191 
5423	153 
5424	47 
5425	155 
5426	176 
5427	72 
5428	114 
5429	97 
5430	155 
5431	199 
5432	184 
5433	110 
5434	123 
5435	49 
5436	170 
5437	37 
5438	25 
5439	5 
5440	55 
5441	47 
5442	101 
5443	124 
5444	136 
5445	40 
5446	88 
5447	119 
5448	100 
5449	58 
5450	192 
5451	90 
5452	49 
5453	174 
5454	134 
5455	144 
5456	199 
5457	194 
5458	166 
5459	84 
5460	144 
5461	165 
5462	84 
5463	152 
5464	165 
5465	5 
5466	20 
5467	120 
5468	201 
5469	47 
5470	203 
5471	47 
5472	44 
5473	7 
5474	188 
5475	126 
5476	133 
5477	66 
5478	42 
5479	96 
5480	74 
5481	181 
5482	32 
5483	145 
5484	26 
5485	135 
5486	72 
5487	30 
5488	96 
5489	166 
5490	205 
5491	144 
5492	131 
5493	134 
5494	153 
5495	40 
5496	34 
5497	48 
5498	104 
5499	129 
5500	167 
5501	56 
5502	35 
5503	12 
5504	199 
5505	21 
5506	95 
5507	41 
5508	25 
5509	186 
5510	183 
5511	157 
5512	144 
5513	24 
5514	11 
5515	88 
5516	31 
5517	84 
5518	12 
5519	90 
5520	156 
5521	48 
5522	119 
5523	66 
5524	153 
5525	203 
5526	143 
5527	158 
5528	63 
5529	42 
5530	126 
5531	147 
5532	1 
5533	72 
5534	158 
5535	5 
5536	48 
5537	188 
5538	135 
5539	3 
5540	119 
5541	174 
5542	116 
5543	88 
5544	12 
5545	5 
5546	123 
5547	87 
5548	65 
5549	72 
5550	95 
5551	12 
5552	164 
5553	56 
5554	147 
5555	42 
5556	57 
5557	101 
5558	1 
5559	178 
5560	114 
5561	162 
5562	120 
5563	180 
5564	178 
5565	101 
5566	3 
5567	56 
5568	150 
5569	183 
5570	114 
5571	50 
5572	44 
5573	166 
5574	55 
5575	177 
5576	27 
5577	5 
5578	8 
5579	130 
5580	131 
5581	124 
5582	191 
5583	88 
5584	84 
5585	197 
5586	153 
5587	12 
5588	42 
5589	174 
5590	141 
5591	127 
5592	177 
5593	116 
5594	90 
5595	7 
5596	153 
5597	122 
5598	80 
5599	44 
5600	20 
5601	125 
5602	37 
5603	88 
5604	125 
5605	1 
5606	65 
5607	73 
5608	105 
5609	94 
5610	100 
5611	144 
5612	133 
5613	62 
5614	144 
5615	176 
5616	65 
5617	114 
5618	12 
5619	145 
5620	40 
5621	186 
5622	192 
5623	88 
5624	71 
5625	153 
5626	71 
5627	116 
5628	153 
5629	90 
5630	119 
5631	200 
5632	4 
5633	147 
5634	21 
5635	155 
5636	114 
5637	132 
5638	111 
5639	131 
5640	170 
5641	101 
5642	180 
5643	200 
5644	51 
5645	188 
5646	188 
5647	14 
5648	155 
5649	42 
5650	25 
5651	55 
5652	135 
5653	72 
5654	157 
5655	135 
5656	90 
5657	184 
5658	158 
5659	177 
5660	67 
5661	3 
5662	127 
5663	144 
5664	44 
5665	176 
5666	56 
5667	47 
5668	65 
5669	157 
5670	149 
5671	109 
5672	32 
5673	91 
5674	44 
5675	48 
5676	105 
5677	152 
5678	80 
5679	7 
5680	181 
5681	133 
5682	7 
5683	133 
5684	156 
5685	25 
5686	142 
5687	56 
5688	184 
5689	84 
5690	90 
5691	84 
5692	194 
5693	96 
5694	195 
5695	156 
5696	152 
5697	127 
5698	176 
5699	90 
5700	7 
5701	125 
5702	131 
5703	42 
5704	191 
5705	111 
5706	199 
5707	133 
5708	155 
5709	90 
5710	94 
5711	135 
5712	54 
5713	136 
5714	47 
5715	176 
5716	177 
5717	166 
5718	195 
5719	25 
5720	84 
5721	70 
5722	111 
5723	199 
5724	1 
5725	52 
5726	103 
5727	40 
5728	194 
5729	135 
5730	157 
5731	12 
5732	184 
5733	135 
5734	56 
5735	177 
5736	123 
5737	33 
5738	56 
5739	199 
5740	35 
5741	153 
5742	197 
5743	96 
5744	87 
5745	26 
5746	66 
5747	87 
5748	88 
5749	135 
5750	109 
5751	40 
5752	163 
5753	102 
5754	95 
5755	21 
5756	144 
5757	158 
5758	182 
5759	9 
5760	199 
5761	131 
5762	107 
5763	48 
5764	1 
5765	115 
5766	156 
5767	113 
5768	71 
5769	97 
5770	186 
5771	188 
5772	143 
5773	114 
5774	149 
5775	147 
5776	70 
5777	66 
5778	84 
5779	101 
5780	100 
5781	87 
5782	106 
5783	176 
5784	102 
5785	44 
5786	114 
5787	161 
5788	90 
5789	55 
5790	27 
5791	72 
5792	48 
5793	48 
5794	96 
5795	163 
5796	100 
5797	85 
5798	76 
5799	158 
5800	192 
5801	48 
5802	177 
5803	34 
5804	66 
5805	51 
5806	109 
5807	147 
5808	12 
5809	5 
5810	149 
5811	103 
5812	55 
5813	140 
5814	134 
5815	155 
5816	15 
5817	3 
5818	41 
5819	67 
5820	150 
5821	88 
5822	72 
5823	29 
5824	88 
5825	110 
5826	52 
5827	135 
5828	156 
5829	127 
5830	194 
5831	32 
5832	192 
5833	177 
5834	72 
5835	25 
5836	123 
5837	132 
5838	195 
5839	3 
5840	56 
5841	94 
5842	172 
5843	136 
5844	188 
5845	194 
5846	42 
5847	127 
5848	40 
5849	90 
5850	164 
5851	126 
5852	3 
5853	184 
5854	136 
5855	32 
5856	30 
5857	157 
5858	155 
5859	147 
5860	192 
5861	156 
5862	84 
5863	141 
5864	194 
5865	44 
5866	7 
5867	104 
5868	120 
5869	40 
5870	55 
5871	92 
5872	174 
5873	179 
5874	125 
5875	202 
5876	31 
5877	39 
5878	40 
5879	39 
5880	27 
5881	87 
5882	127 
5883	98 
5884	127 
5885	192 
5886	27 
5887	127 
5888	176 
5889	49 
5890	66 
5891	144 
5892	12 
5893	97 
5894	124 
5895	3 
5896	101 
5897	7 
5898	37 
5899	37 
5900	141 
5901	127 
5902	146 
5903	12 
5904	65 
5905	40 
5906	144 
5907	144 
5908	56 
5909	176 
5910	188 
5911	57 
5912	158 
5913	88 
5914	44 
5915	61 
5916	114 
5917	37 
5918	9 
5919	181 
5920	194 
5921	67 
5922	42 
5923	72 
5924	32 
5925	136 
5926	131 
5927	126 
5928	90 
5929	9 
5930	87 
5931	155 
5932	27 
5933	123 
5934	123 
5935	44 
5936	167 
5937	105 
5938	149 
5939	156 
5940	127 
5941	49 
5942	12 
5943	93 
5944	170 
5945	10 
5946	164 
5947	9 
5948	74 
5949	186 
5950	32 
5951	138 
5952	163 
5953	42 
5954	135 
5955	135 
5956	184 
5957	136 
5958	6 
5959	90 
5960	125 
5961	192 
5962	177 
5963	140 
5964	37 
5965	1 
5966	135 
5967	123 
5968	155 
5969	61 
5970	56 
5971	205 
5972	164 
5973	194 
5974	85 
5975	3 
5976	56 
5977	60 
5978	147 
5979	144 
5980	132 
5981	176 
5982	123 
5983	102 
5984	155 
5985	97 
5986	100 
5987	101 
5988	124 
5989	164 
5990	27 
5991	176 
5992	127 
5993	153 
5994	146 
5995	166 
5996	90 
5997	101 
5998	40 
5999	98 
6000	90 
6001	47 
6002	66 
6003	97 
6004	13 
6005	77 
6006	66 
6007	7 
6008	12 
6009	135 
6010	162 
6011	1 
6012	133 
6013	202 
6014	156 
6015	37 
6016	140 
6017	101 
6018	184 
6019	148 
6020	131 
6021	114 
6022	12 
6023	149 
6024	158 
6025	151 
6026	96 
6027	84 
6028	177 
6029	155 
6030	160 
6031	184 
6032	120 
6033	91 
6034	47 
6035	155 
6036	135 
6037	135 
6038	166 
6039	201 
6040	84 
6041	143 
6042	188 
6043	178 
6044	156 
6045	25 
6046	3 
6047	5 
6048	124 
6049	100 
6050	127 
6051	203 
6052	94 
6053	117 
6054	176 
6055	64 
6056	147 
6057	114 
6058	67 
6059	1 
6060	57 
6061	9 
6062	176 
6063	144 
6064	42 
6065	78 
6066	111 
6067	135 
6068	166 
6069	182 
6070	130 
6071	66 
6072	170 
6073	14 
6074	103 
6075	140 
6076	133 
6077	158 
6078	65 
6079	65 
6080	66 
6081	52 
6082	74 
6083	95 
6084	97 
6085	7 
6086	81 
6087	32 
6088	146 
6089	156 
6090	15 
6091	67 
6092	133 
6093	90 
6094	21 
6095	44 
6096	88 
6097	114 
6098	36 
6099	130 
6100	150 
6101	56 
6102	164 
6103	56 
6104	88 
6105	141 
6106	166 
6107	44 
6108	21 
6109	65 
6110	56 
6111	156 
6112	127 
6113	127 
6114	9 
6115	56 
6116	150 
6117	101 
6118	114 
6119	32 
6120	43 
6121	56 
6122	124 
6123	7 
6124	9 
6125	167 
6126	133 
6127	72 
6128	191 
6129	174 
6130	71 
6131	120 
6132	176 
6133	4 
6134	173 
6135	153 
6136	44 
6137	44 
6138	126 
6139	158 
6140	44 
6141	203 
6142	123 
6143	21 
6144	105 
6145	136 
6146	153 
6147	166 
6148	88 
6149	56 
6150	100 
6151	186 
6152	120 
6153	21 
6154	127 
6155	79 
6156	1 
6157	127 
6158	164 
6159	132 
6160	49 
6161	100 
6162	66 
6163	78 
6164	148 
6165	133 
6166	159 
6167	66 
6168	56 
6169	48 
6170	26 
6171	197 
6172	143 
6173	154 
6174	26 
6175	27 
6176	186 
6177	144 
6178	21 
6179	177 
6180	111 
6181	39 
6182	164 
6183	141 
6184	56 
6185	147 
6186	40 
6187	21 
6188	184 
6189	65 
6190	80 
6191	166 
6192	70 
6193	146 
6194	167 
6195	4 
6196	36 
6197	94 
6198	65 
6199	100 
6200	166 
6201	170 
6202	66 
6203	186 
6204	110 
6205	188 
6206	72 
6207	72 
6208	157 
6209	167 
6210	57 
6211	154 
6212	188 
6213	24 
6214	40 
6215	135 
6216	72 
6217	84 
6218	180 
6219	72 
6220	158 
6221	180 
6222	126 
6223	78 
6224	144 
6225	72 
6226	12 
6227	70 
6228	29 
6229	66 
6230	21 
6231	194 
6232	156 
6233	3 
6234	188 
6235	5 
6236	202 
6237	155 
6238	194 
6239	151 
6240	107 
6241	4 
6242	12 
6243	100 
6244	168 
6245	182 
6246	140 
6247	176 
6248	1 
6249	5 
6250	21 
6251	42 
6252	96 
6253	34 
6254	78 
6255	131 
6256	176 
6257	116 
6258	125 
6259	30 
6260	107 
6261	88 
6262	15 
6263	6 
6264	146 
6265	127 
6266	168 
6267	39 
6268	170 
6269	185 
6270	44 
6271	5 
6272	182 
6273	132 
6274	104 
6275	188 
6276	186 
6277	162 
6278	39 
6279	4 
6280	120 
6281	165 
6282	115 
6283	181 
6284	132 
6285	102 
6286	156 
6287	177 
6288	35 
6289	127 
6290	26 
6291	40 
6292	67 
6293	184 
6294	153 
6295	186 
6296	40 
6297	100 
6298	65 
6299	12 
6300	167 
6301	162 
6302	96 
6303	66 
6304	40 
6305	94 
6306	101 
6307	127 
6308	4 
6309	177 
6310	25 
6311	162 
6312	12 
6313	72 
6314	44 
6315	88 
6316	71 
6317	170 
6318	156 
6319	148 
6320	92 
6321	40 
6322	88 
6323	116 
6324	40 
6325	115 
6326	73 
6327	100 
6328	127 
6329	188 
6330	31 
6331	136 
6332	179 
6333	39 
6334	155 
6335	203 
6336	48 
6337	21 
6338	76 
6339	12 
6340	41 
6341	21 
6342	167 
6343	144 
6344	88 
6345	90 
6346	26 
6347	123 
6348	12 
6349	12 
6350	84 
6351	90 
6352	108 
6353	158 
6354	170 
6355	65 
6356	70 
6357	44 
6358	97 
6359	126 
6360	49 
6361	57 
6362	120 
6363	194 
6364	178 
6365	81 
6366	180 
6367	67 
6368	197 
6369	114 
6370	160 
6371	176 
6372	132 
6373	1 
6374	56 
6375	91 
6376	21 
6377	176 
6378	157 
6379	25 
6380	90 
6381	146 
6382	114 
6383	180 
6384	48 
6385	131 
6386	56 
6387	104 
6388	55 
6389	197 
6390	155 
6391	57 
6392	158 
6393	108 
6394	176 
6395	168 
6396	6 
6397	144 
6398	84 
6399	132 
6400	53 
6401	25 
6402	65 
6403	100 
6404	48 
6405	135 
6406	57 
6407	202 
6408	96 
6409	177 
6410	48 
6411	192 
6412	62 
6413	127 
6414	104 
6415	87 
6416	120 
6417	126 
6418	186 
6419	62 
6420	155 
6421	160 
6422	27 
6423	136 
6424	155 
6425	3 
6426	174 
6427	131 
6428	44 
6429	125 
6430	63 
6431	32 
6432	44 
6433	176 
6434	203 
6435	144 
6436	56 
6437	10 
6438	37 
6439	166 
6440	180 
6441	12 
6442	90 
6443	3 
6444	124 
6445	62 
6446	135 
6447	194 
6448	84 
6449	100 
6450	176 
6451	192 
6452	126 
6453	183 
6454	163 
6455	192 
6456	96 
6457	194 
6458	65 
6459	72 
6460	167 
6461	140 
6462	90 
6463	116 
6464	5 
6465	113 
6466	122 
6467	21 
6468	32 
6469	90 
6470	80 
6471	19 
6472	202 
6473	48 
6474	120 
6475	42 
6476	90 
6477	70 
6478	72 
6479	112 
6480	100 
6481	155 
6482	166 
6483	126 
6484	164 
6485	176 
6486	144 
6487	123 
6488	66 
6489	98 
6490	15 
6491	55 
6492	3 
6493	199 
6494	135 
6495	56 
6496	36 
6497	96 
6498	52 
6499	146 
6500	155 
6501	3 
6502	65 
6503	21 
6504	67 
6505	101 
6506	72 
6507	24 
6508	112 
6509	200 
6510	96 
6511	37 
6512	80 
6513	21 
6514	194 
6515	160 
6516	136 
6517	21 
6518	140 
6519	158 
6520	152 
6521	156 
6522	55 
6523	140 
6524	84 
6525	76 
6526	147 
6527	113 
6528	120 
6529	97 
6530	194 
6531	184 
6532	194 
6533	49 
6534	90 
6535	96 
6536	20 
6537	194 
6538	6 
6539	68 
6540	56 
6541	87 
6542	65 
6543	5 
6544	95 
6545	187 
6546	65 
6547	144 
6548	124 
6549	158 
6550	158 
6551	94 
6552	178 
6553	18 
6554	133 
6555	97 
6556	80 
6557	65 
6558	144 
6559	72 
6560	39 
6561	186 
6562	37 
6563	3 
6564	114 
6565	156 
6566	127 
6567	97 
6568	21 
6569	59 
6570	147 
6571	21 
6572	199 
6573	52 
6574	177 
6575	178 
6576	9 
6577	26 
6578	131 
6579	12 
6580	7 
6581	57 
6582	40 
6583	154 
6584	188 
6585	141 
6586	12 
6587	56 
6588	168 
6589	70 
6590	188 
6591	116 
6592	70 
6593	40 
6594	123 
6595	39 
6596	47 
6597	40 
6598	1 
6599	40 
6600	10 
6601	101 
6602	25 
6603	96 
6604	193 
6605	146 
6606	25 
6607	127 
6608	25 
6609	40 
6610	144 
6611	43 
6612	199 
6613	99 
6614	177 
6615	14 
6616	126 
6617	102 
6618	43 
6619	163 
6620	153 
6621	184 
6622	65 
6623	84 
6624	155 
6625	33 
6626	186 
6627	55 
6628	149 
6629	39 
6630	158 
6631	126 
6632	66 
6633	141 
6634	56 
6635	77 
6636	156 
6637	176 
6638	158 
6639	164 
6640	88 
6641	72 
6642	168 
6643	40 
6644	156 
6645	126 
6646	203 
6647	176 
6648	156 
6649	155 
6650	55 
6651	3 
6652	56 
6653	155 
6654	29 
6655	164 
6656	202 
6657	105 
6658	57 
6659	157 
6660	155 
6661	167 
6662	127 
6663	202 
6664	55 
6665	92 
6666	39 
6667	40 
6668	147 
6669	12 
6670	44 
6671	103 
6672	151 
6673	88 
6674	60 
6675	56 
6676	64 
6677	158 
6678	100 
6679	152 
6680	100 
6681	192 
6682	152 
6683	188 
6684	26 
6685	127 
6686	100 
6687	66 
6688	5 
6689	31 
6690	8 
6691	6 
6692	3 
6693	181 
6694	135 
6695	162 
6696	153 
6697	34 
6698	101 
6699	95 
6700	101 
6701	131 
6702	4 
6703	9 
6704	52 
6705	141 
6706	160 
6707	155 
6708	125 
6709	120 
6710	196 
6711	153 
6712	186 
6713	164 
6714	147 
6715	153 
6716	3 
6717	88 
6718	26 
6719	203 
6720	165 
6721	202 
6722	173 
6723	91 
6724	21 
6725	144 
6726	136 
6727	90 
6728	91 
6729	32 
6730	120 
6731	127 
6732	48 
6733	74 
6734	65 
6735	37 
6736	39 
6737	7 
6738	66 
6739	84 
6740	97 
6741	141 
6742	136 
6743	72 
6744	188 
6745	97 
6746	5 
6747	184 
6748	203 
6749	155 
6750	184 
6751	114 
6752	26 
6753	114 
6754	14 
6755	3 
6756	3 
6757	125 
6758	44 
6759	6 
6760	72 
6761	39 
6762	170 
6763	12 
6764	12 
6765	177 
6766	9 
6767	192 
6768	188 
6769	87 
6770	94 
6771	162 
6772	36 
6773	135 
6774	133 
6775	105 
6776	34 
6777	162 
6778	32 
6779	84 
6780	69 
6781	141 
6782	37 
6783	124 
6784	3 
6785	72 
6786	48 
6787	72 
6788	97 
6789	180 
6790	164 
6791	32 
6792	167 
6793	52 
6794	44 
6795	12 
6796	160 
6797	180 
6798	30 
6799	74 
6800	84 
6801	44 
6802	1 
6803	199 
6804	119 
6805	178 
6806	40 
6807	48 
6808	101 
6809	147 
6810	5 
6811	126 
6812	156 
6813	124 
6814	172 
6815	97 
6816	1 
6817	15 
6818	3 
6819	124 
6820	153 
6821	8 
6822	47 
6823	25 
6824	192 
6825	84 
6826	44 
6827	156 
6828	109 
6829	158 
6830	21 
6831	188 
6832	99 
6833	94 
6834	88 
6835	127 
6836	182 
6837	147 
6838	144 
6839	186 
6840	153 
6841	199 
6842	12 
6843	44 
6844	127 
6845	162 
6846	135 
6847	140 
6848	5 
6849	149 
6850	164 
6851	127 
6852	150 
6853	6 
6854	1 
6855	70 
6856	155 
6857	133 
6858	100 
6859	8 
6860	135 
6861	191 
6862	176 
6863	48 
6864	146 
6865	39 
6866	7 
6867	186 
6868	73 
6869	21 
6870	149 
6871	25 
6872	186 
6873	100 
6874	177 
6875	76 
6876	116 
6877	26 
6878	26 
6879	72 
6880	131 
6881	133 
6882	147 
6883	182 
6884	25 
6885	147 
6886	55 
6887	135 
6888	191 
6889	66 
6890	164 
6891	82 
6892	194 
6893	110 
6894	36 
6895	32 
6896	84 
6897	42 
6898	102 
6899	141 
6900	166 
6901	120 
6902	48 
6903	12 
6904	123 
6905	165 
6906	124 
6907	94 
6908	40 
6909	32 
6910	82 
6911	101 
6912	105 
6913	155 
6914	63 
6915	5 
6916	47 
6917	155 
6918	88 
6919	182 
6920	203 
6921	144 
6922	48 
6923	135 
6924	147 
6925	100 
6926	168 
6927	164 
6928	194 
6929	135 
6930	116 
6931	125 
6932	97 
6933	105 
6934	55 
6935	165 
6936	1 
6937	114 
6938	184 
6939	105 
6940	156 
6941	32 
6942	97 
6943	125 
6944	177 
6945	52 
6946	165 
6947	163 
6948	188 
6949	147 
6950	88 
6951	42 
6952	186 
6953	59 
6954	123 
6955	72 
6956	57 
6957	155 
6958	97 
6959	152 
6960	9 
6961	155 
6962	56 
6963	200 
6964	114 
6965	37 
6966	21 
6967	96 
6968	72 
6969	47 
6970	90 
6971	34 
6972	141 
6973	164 
6974	182 
6975	21 
6976	119 
6977	37 
6978	47 
6979	184 
6980	51 
6981	153 
6982	108 
6983	1 
6984	78 
6985	155 
6986	123 
6987	177 
6988	68 
6989	107 
6990	186 
6991	126 
6992	42 
6993	39 
6994	65 
6995	3 
6996	3 
6997	156 
6998	124 
6999	156 
7000	131 
7001	63 
7002	39 
7003	25 
7004	124 
7005	72 
7006	136 
7007	115 
7008	15 
7009	136 
7010	181 
7011	164 
7012	193 
7013	202 
7014	94 
7015	88 
7016	67 
7017	173 
7018	188 
7019	131 
7020	184 
7021	177 
7022	182 
7023	49 
7024	70 
7025	144 
7026	104 
7027	12 
7028	62 
7029	115 
7030	186 
7031	1 
7032	177 
7033	1 
7034	84 
7035	126 
7036	184 
7037	135 
7038	182 
7039	100 
7040	52 
7041	155 
7042	42 
7043	203 
7044	146 
7045	144 
7046	72 
7047	136 
7048	158 
7049	66 
7050	176 
7051	36 
7052	167 
7053	90 
7054	133 
7055	146 
7056	1 
7057	39 
7058	72 
7059	127 
7060	172 
7061	26 
7062	155 
7063	21 
7064	133 
7065	188 
7066	177 
7067	119 
7068	37 
7069	153 
7070	5 
7071	36 
7072	115 
7073	127 
7074	44 
7075	72 
7076	72 
7077	123 
7078	120 
7079	135 
7080	147 
7081	55 
7082	3 
7083	44 
7084	127 
7085	108 
7086	100 
7087	44 
7088	65 
7089	72 
7090	56 
7091	44 
7092	127 
7093	54 
7094	178 
7095	167 
7096	48 
7097	176 
7098	155 
7099	1 
7100	44 
7101	99 
7102	184 
7103	56 
7104	199 
7105	25 
7106	156 
7107	52 
7108	134 
7109	155 
7110	161 
7111	158 
7112	3 
7113	42 
7114	155 
7115	6 
7116	131 
7117	2 
7118	135 
7119	123 
7120	56 
7121	44 
7122	194 
7123	55 
7124	159 
7125	111 
7126	90 
7127	94 
7128	158 
7129	126 
7130	148 
7131	109 
7132	21 
7133	12 
7134	192 
7135	202 
7136	186 
7137	52 
7138	146 
7139	70 
7140	44 
7141	182 
7142	9 
7143	176 
7144	1 
7145	52 
7146	140 
7147	25 
7148	135 
7149	3 
7150	72 
7151	164 
7152	166 
7153	39 
7154	70 
7155	5 
7156	4 
7157	84 
7158	166 
7159	27 
7160	32 
7161	117 
7162	131 
7163	44 
7164	3 
7165	72 
7166	30 
7167	99 
7168	202 
7169	133 
7170	88 
7171	186 
7172	194 
7173	101 
7174	196 
7175	66 
7176	44 
7177	25 
7178	40 
7179	168 
7180	176 
7181	48 
7182	55 
7183	166 
7184	202 
7185	162 
7186	203 
7187	29 
7188	66 
7189	111 
7190	47 
7191	185 
7192	164 
7193	7 
7194	120 
7195	94 
7196	146 
7197	72 
7198	140 
7199	147 
7200	80 
7201	114 
7202	158 
7203	77 
7204	36 
7205	56 
7206	186 
7207	166 
7208	164 
7209	127 
7210	27 
7211	52 
7212	90 
7213	65 
7214	140 
7215	14 
7216	166 
7217	10 
7218	188 
7219	120 
7220	183 
7221	39 
7222	95 
7223	166 
7224	157 
7225	14 
7226	49 
7227	154 
7228	127 
7229	9 
7230	3 
7231	52 
7232	164 
7233	192 
7234	135 
7235	168 
7236	203 
7237	164 
7238	184 
7239	39 
7240	1 
7241	177 
7242	27 
7243	5 
7244	84 
7245	158 
7246	65 
7247	67 
7248	205 
7249	152 
7250	114 
7251	147 
7252	21 
7253	196 
7254	174 
7255	114 
7256	164 
7257	182 
7258	6 
7259	49 
7260	146 
7261	78 
7262	156 
7263	141 
7264	127 
7265	40 
7266	55 
7267	94 
7268	155 
7269	109 
7270	195 
7271	67 
7272	56 
7273	72 
7274	64 
7275	96 
7276	94 
7277	65 
7278	48 
7279	156 
7280	21 
7281	63 
7282	181 
7283	124 
7284	99 
7285	200 
7286	1 
7287	158 
7288	194 
7289	6 
7290	49 
7291	144 
7292	39 
7293	184 
7294	144 
7295	5 
7296	101 
7297	88 
7298	25 
7299	96 
7300	12 
7301	126 
7302	200 
7303	66 
7304	94 
7305	39 
7306	205 
7307	174 
7308	164 
7309	156 
7310	6 
7311	184 
7312	135 
7313	25 
7314	5 
7315	122 
7316	144 
7317	25 
7318	149 
7319	149 
7320	114 
7321	135 
7322	100 
7323	124 
7324	184 
7325	188 
7326	143 
7327	44 
7328	72 
7329	147 
7330	186 
7331	101 
7332	101 
7333	133 
7334	27 
7335	32 
7336	21 
7337	126 
7338	57 
7339	194 
7340	65 
7341	184 
7342	90 
7343	25 
7344	84 
7345	188 
7346	177 
7347	166 
7348	6 
7349	112 
7350	135 
7351	9 
7352	37 
7353	147 
7354	99 
7355	133 
7356	123 
7357	205 
7358	156 
7359	82 
7360	97 
7361	180 
7362	135 
7363	194 
7364	5 
7365	89 
7366	166 
7367	32 
7368	42 
7369	133 
7370	202 
7371	130 
7372	134 
7373	166 
7374	84 
7375	48 
7376	25 
7377	101 
7378	96 
7379	37 
7380	44 
7381	194 
7382	57 
7383	25 
7384	120 
7385	133 
7386	67 
7387	101 
7388	61 
7389	170 
7390	133 
7391	156 
7392	5 
7393	12 
7394	65 
7395	63 
7396	112 
7397	34 
7398	140 
7399	3 
7400	141 
7401	42 
7402	88 
7403	56 
7404	144 
7405	66 
7406	140 
7407	157 
7408	25 
7409	114 
7410	25 
7411	96 
7412	124 
7413	134 
7414	156 
7415	101 
7416	181 
7417	114 
7418	21 
7419	168 
7420	44 
7421	43 
7422	42 
7423	90 
7424	29 
7425	88 
7426	120 
7427	183 
7428	65 
7429	140 
7430	192 
7431	167 
7432	133 
7433	97 
7434	25 
7435	131 
7436	70 
7437	144 
7438	74 
7439	9 
7440	166 
7441	12 
7442	176 
7443	152 
7444	72 
7445	90 
7446	90 
7447	55 
7448	122 
7449	127 
7450	71 
7451	183 
7452	176 
7453	56 
7454	15 
7455	69 
7456	110 
7457	127 
7458	194 
7459	56 
7460	90 
7461	155 
7462	109 
7463	12 
7464	56 
7465	111 
7466	203 
7467	188 
7468	184 
7469	16 
7470	4 
7471	16 
7472	90 
7473	89 
7474	168 
7475	39 
7476	114 
7477	144 
7478	163 
7479	30 
7480	140 
7481	67 
7482	78 
7483	47 
7484	135 
7485	154 
7486	82 
7487	85 
7488	3 
7489	147 
7490	135 
7491	101 
7492	153 
7493	15 
7494	52 
7495	34 
7496	131 
7497	47 
7498	200 
7499	48 
7500	40 
7501	90 
7502	149 
7503	141 
7504	27 
7505	147 
7506	90 
7507	141 
7508	108 
7509	3 
7510	42 
7511	120 
7512	156 
7513	199 
7514	164 
7515	55 
7516	200 
7517	66 
7518	66 
7519	131 
7520	25 
7521	9 
7522	39 
7523	194 
7524	27 
7525	40 
7526	120 
7527	30 
7528	25 
7529	84 
7530	192 
7531	1 
7532	147 
7533	21 
7534	66 
7535	112 
7536	90 
7537	88 
7538	27 
7539	124 
7540	56 
7541	135 
7542	40 
7543	147 
7544	97 
7545	88 
7546	66 
7547	105 
7548	184 
7549	203 
7550	123 
7551	164 
7552	135 
7553	55 
7554	197 
7555	12 
7556	184 
7557	180 
7558	65 
7559	40 
7560	178 
7561	5 
7562	97 
7563	12 
7564	135 
7565	184 
7566	57 
7567	36 
7568	194 
7569	116 
7570	176 
7571	30 
7572	165 
7573	49 
7574	191 
7575	203 
7576	3 
7577	21 
7578	158 
7579	25 
7580	126 
7581	155 
7582	43 
7583	165 
7584	124 
7585	43 
7586	47 
7587	186 
7588	90 
7589	126 
7590	100 
7591	124 
7592	127 
7593	72 
7594	205 
7595	177 
7596	15 
7597	114 
7598	156 
7599	39 
7600	127 
7601	66 
7602	154 
7603	80 
7604	48 
7605	151 
7606	21 
7607	164 
7608	188 
7609	125 
7610	136 
7611	12 
7612	37 
7613	84 
7614	127 
7615	184 
7616	65 
7617	144 
7618	114 
7619	52 
7620	48 
7621	157 
7622	26 
7623	32 
7624	25 
7625	133 
7626	96 
7627	6 
7628	186 
7629	178 
7630	57 
7631	130 
7632	66 
7633	6 
7634	148 
7635	184 
7636	162 
7637	144 
7638	155 
7639	55 
7640	52 
7641	203 
7642	166 
7643	147 
7644	124 
7645	116 
7646	88 
7647	135 
7648	42 
7649	42 
7650	48 
7651	156 
7652	56 
7653	89 
7654	162 
7655	140 
7656	25 
7657	177 
7658	88 
7659	25 
7660	100 
7661	20 
7662	120 
7663	135 
7664	27 
7665	100 
7666	182 
7667	97 
7668	143 
7669	49 
7670	52 
7671	143 
7672	135 
7673	155 
7674	112 
7675	194 
7676	155 
7677	186 
7678	57 
7679	47 
7680	12 
7681	100 
7682	184 
7683	156 
7684	131 
7685	163 
7686	5 
7687	103 
7688	191 
7689	186 
7690	1 
7691	178 
7692	156 
7693	123 
7694	101 
7695	114 
7696	32 
7697	127 
7698	147 
7699	155 
7700	100 
7701	89 
7702	72 
7703	123 
7704	115 
7705	149 
7706	96 
7707	98 
7708	16 
7709	144 
7710	25 
7711	127 
7712	30 
7713	48 
7714	126 
7715	144 
7716	177 
7717	57 
7718	147 
7719	186 
7720	101 
7721	182 
7722	84 
7723	94 
7724	39 
7725	96 
7726	14 
7727	119 
7728	164 
7729	125 
7730	165 
7731	78 
7732	90 
7733	165 
7734	32 
7735	84 
7736	21 
7737	144 
7738	97 
7739	51 
7740	202 
7741	133 
7742	55 
7743	133 
7744	44 
7745	69 
7746	71 
7747	134 
7748	5 
7749	133 
7750	44 
7751	37 
7752	155 
7753	202 
7754	124 
7755	140 
7756	186 
7757	141 
7758	203 
7759	100 
7760	152 
7761	172 
7762	7 
7763	184 
7764	136 
7765	127 
7766	73 
7767	44 
7768	73 
7769	44 
7770	55 
7771	188 
7772	182 
7773	44 
7774	26 
7775	40 
7776	124 
7777	197 
7778	7 
7779	90 
7780	44 
7781	48 
7782	104 
7783	96 
7784	155 
7785	25 
7786	89 
7787	177 
7788	188 
7789	44 
7790	147 
7791	178 
7792	40 
7793	78 
7794	141 
7795	177 
7796	156 
7797	135 
7798	78 
7799	155 
7800	12 
7801	119 
7802	48 
7803	203 
7804	40 
7805	141 
7806	90 
7807	1 
7808	7 
7809	88 
7810	66 
7811	178 
7812	176 
7813	194 
7814	123 
7815	107 
7816	66 
7817	131 
7818	176 
7819	203 
7820	120 
7821	205 
7822	131 
7823	40 
7824	178 
7825	127 
7826	147 
7827	125 
7828	184 
7829	116 
7830	158 
7831	56 
7832	96 
7833	174 
7834	156 
7835	90 
7836	180 
7837	104 
7838	150 
7839	192 
7840	158 
7841	178 
7842	42 
7843	1 
7844	164 
7845	186 
7846	95 
7847	153 
7848	131 
7849	141 
7850	114 
7851	203 
7852	117 
7853	54 
7854	94 
7855	150 
7856	104 
7857	155 
7858	21 
7859	155 
7860	149 
7861	96 
7862	39 
7863	90 
7864	56 
7865	48 
7866	114 
7867	48 
7868	97 
7869	146 
7870	44 
7871	90 
7872	40 
7873	37 
7874	180 
7875	40 
7876	194 
7877	127 
7878	149 
7879	21 
7880	32 
7881	1 
7882	3 
7883	73 
7884	98 
7885	44 
7886	47 
7887	54 
7888	44 
7889	177 
7890	66 
7891	199 
7892	41 
7893	162 
7894	164 
7895	52 
7896	21 
7897	133 
7898	127 
7899	111 
7900	131 
7901	192 
7902	108 
7903	7 
7904	37 
7905	192 
7906	133 
7907	132 
7908	57 
7909	177 
7910	124 
7911	3 
7912	117 
7913	131 
7914	123 
7915	183 
7916	127 
7917	133 
7918	174 
7919	164 
7920	67 
7921	72 
7922	170 
7923	135 
7924	98 
7925	105 
7926	132 
7927	102 
7928	39 
7929	141 
7930	32 
7931	100 
7932	162 
7933	90 
7934	72 
7935	21 
7936	141 
7937	37 
7938	158 
7939	1 
7940	132 
7941	164 
7942	78 
7943	124 
7944	182 
7945	177 
7946	84 
7947	12 
7948	124 
7949	60 
7950	127 
7951	177 
7952	3 
7953	20 
7954	21 
7955	21 
7956	97 
7957	192 
7958	174 
7959	66 
7960	186 
7961	127 
7962	96 
7963	6 
7964	72 
7965	37 
7966	114 
7967	186 
7968	123 
7969	97 
7970	158 
7971	184 
7972	3 
7973	84 
7974	157 
7975	10 
7976	6 
7977	7 
7978	158 
7979	182 
7980	84 
7981	107 
7982	104 
7983	21 
7984	188 
7985	101 
7986	184 
7987	153 
7988	194 
7989	135 
7990	147 
7991	166 
7992	134 
7993	6 
7994	39 
7995	133 
7996	191 
7997	88 
7998	147 
7999	157 
8000	5 
8001	130 
8002	87 
8003	3 
8004	165 
8005	203 
8006	9 
8007	27 
8008	5 
8009	90 
8010	40 
8011	12 
8012	90 
8013	1 
8014	3 
8015	52 
8016	26 
8017	88 
8018	144 
8019	25 
8020	57 
8021	12 
8022	49 
8023	32 
8024	88 
8025	147 
8026	3 
8027	14 
8028	127 
8029	101 
8030	180 
8031	57 
8032	37 
8033	119 
8034	184 
8035	163 
8036	97 
8037	88 
8038	55 
8039	44 
8040	25 
8041	177 
8042	32 
8043	151 
8044	147 
8045	32 
8046	56 
8047	48 
8048	156 
8049	126 
8050	15 
8051	164 
8052	65 
8053	157 
8054	56 
8055	205 
8056	5 
8057	133 
8058	5 
8059	144 
8060	21 
8061	144 
8062	177 
8063	163 
8064	147 
8065	116 
8066	125 
8067	202 
8068	156 
8069	57 
8070	176 
8071	71 
8072	108 
8073	123 
8074	120 
8075	12 
8076	147 
8077	124 
8078	143 
8079	172 
8080	155 
8081	101 
8082	178 
8083	131 
8084	105 
8085	90 
8086	133 
8087	115 
8088	7 
8089	181 
8090	164 
8091	127 
8092	105 
8093	41 
8094	52 
8095	173 
8096	9 
8097	176 
8098	1 
8099	135 
8100	5 
8101	55 
8102	177 
8103	32 
8104	84 
8105	30 
8106	192 
8107	25 
8108	78 
8109	1 
8110	135 
8111	25 
8112	37 
8113	96 
8114	184 
8115	65 
8116	180 
8117	119 
8118	120 
8119	30 
8120	40 
8121	125 
8122	120 
8123	203 
8124	103 
8125	37 
8126	66 
8127	135 
8128	67 
8129	191 
8130	72 
8131	54 
8132	174 
8133	88 
8134	84 
8135	153 
8136	192 
8137	144 
8138	85 
8139	103 
8140	156 
8141	156 
8142	56 
8143	12 
8144	202 
8145	65 
8146	177 
8147	177 
8148	40 
8149	133 
8150	197 
8151	21 
8152	20 
8153	44 
8154	41 
8155	27 
8156	194 
8157	147 
8158	39 
8159	37 
8160	147 
8161	1 
8162	65 
8163	111 
8164	146 
8165	84 
8166	104 
8167	200 
8168	192 
8169	176 
8170	186 
8171	84 
8172	167 
8173	3 
8174	123 
8175	9 
8176	94 
8177	84 
8178	88 
8179	3 
8180	120 
8181	188 
8182	157 
8183	66 
8184	12 
8185	1 
8186	41 
8187	147 
8188	165 
8189	88 
8190	44 
8191	166 
8192	36 
8193	56 
8194	3 
8195	155 
8196	155 
8197	7 
8198	90 
8199	166 
8200	90 
8201	181 
8202	32 
8203	155 
8204	164 
8205	181 
8206	147 
8207	174 
8208	164 
8209	56 
8210	40 
8211	170 
8212	141 
8213	14 
8214	55 
8215	188 
8216	41 
8217	55 
8218	127 
8219	60 
8220	7 
8221	30 
8222	25 
8223	96 
8224	188 
8225	78 
8226	89 
8227	40 
8228	8 
8229	12 
8230	133 
8231	96 
8232	1 
8233	37 
8234	176 
8235	103 
8236	42 
8237	48 
8238	12 
8239	88 
8240	1 
8241	72 
8242	180 
8243	78 
8244	116 
8245	37 
8246	94 
8247	40 
8248	65 
8249	32 
8250	88 
8251	7 
8252	47 
8253	192 
8254	101 
8255	164 
8256	165 
8257	186 
8258	131 
8259	88 
8260	144 
8261	88 
8262	36 
8263	181 
8264	180 
8265	65 
8266	80 
8267	3 
8268	9 
8269	56 
8270	114 
8271	155 
8272	40 
8273	158 
8274	39 
8275	164 
8276	114 
8277	27 
8278	101 
8279	155 
8280	155 
8281	120 
8282	25 
8283	202 
8284	6 
8285	153 
8286	166 
8287	12 
8288	65 
8289	123 
8290	96 
8291	56 
8292	61 
8293	144 
8294	5 
8295	156 
8296	149 
8297	135 
8298	177 
8299	125 
8300	52 
8301	126 
8302	71 
8303	152 
8304	184 
8305	186 
8306	21 
8307	120 
8308	151 
8309	199 
8310	60 
8311	15 
8312	44 
8313	165 
8314	108 
8315	158 
8316	96 
8317	39 
8318	74 
8319	70 
8320	74 
8321	144 
8322	147 
8323	192 
8324	101 
8325	188 
8326	133 
8327	133 
8328	125 
8329	155 
8330	21 
8331	40 
8332	5 
8333	176 
8334	158 
8335	205 
8336	181 
8337	66 
8338	56 
8339	116 
8340	7 
8341	12 
8342	184 
8343	108 
8344	124 
8345	21 
8346	136 
8347	34 
8348	158 
8349	32 
8350	203 
8351	203 
8352	135 
8353	66 
8354	71 
8355	80 
8356	94 
8357	100 
8358	7 
8359	144 
8360	40 
8361	9 
8362	135 
8363	115 
8364	90 
8365	6 
8366	105 
8367	37 
8368	192 
8369	114 
8370	184 
8371	100 
8372	90 
8373	88 
8374	132 
8375	177 
8376	101 
8377	40 
8378	156 
8379	144 
8380	164 
8381	186 
8382	40 
8383	154 
8384	123 
8385	144 
8386	96 
8387	94 
8388	123 
8389	127 
8390	94 
8391	184 
8392	188 
8393	112 
8394	72 
8395	32 
8396	56 
8397	98 
8398	56 
8399	21 
8400	156 
8401	164 
8402	141 
8403	42 
8404	56 
8405	165 
8406	192 
8407	44 
8408	7 
8409	156 
8410	114 
8411	12 
8412	135 
8413	155 
8414	133 
8415	21 
8416	27 
8417	186 
8418	126 
8419	37 
8420	96 
8421	147 
8422	167 
8423	99 
8424	172 
8425	141 
8426	65 
8427	120 
8428	166 
8429	55 
8430	66 
8431	150 
8432	7 
8433	56 
8434	41 
8435	66 
8436	146 
8437	32 
8438	5 
8439	72 
8440	51 
8441	151 
8442	47 
8443	80 
8444	158 
8445	66 
8446	32 
8447	127 
8448	197 
8449	170 
8450	37 
8451	40 
8452	177 
8453	100 
8454	147 
8455	32 
8456	63 
8457	101 
8458	147 
8459	96 
8460	40 
8461	120 
8462	3 
8463	188 
8464	14 
8465	166 
8466	192 
8467	1 
8468	30 
8469	177 
8470	72 
8471	55 
8472	56 
8473	186 
8474	21 
8475	149 
8476	15 
8477	167 
8478	164 
8479	140 
8480	74 
8481	133 
8482	21 
8483	41 
8484	126 
8485	155 
8486	36 
8487	67 
8488	26 
8489	134 
8490	1 
8491	192 
8492	32 
8493	177 
8494	49 
8495	32 
8496	127 
8497	199 
8498	72 
8499	101 
8500	95 
8501	182 
8502	155 
8503	40 
8504	15 
8505	39 
8506	52 
8507	104 
8508	200 
8509	44 
8510	135 
8511	177 
8512	202 
8513	5 
8514	14 
8515	84 
8516	141 
8517	133 
8518	191 
8519	88 
8520	130 
8521	95 
8522	170 
8523	178 
8524	3 
8525	96 
8526	99 
8527	21 
8528	44 
8529	131 
8530	117 
8531	66 
8532	184 
8533	109 
8534	135 
8535	126 
8536	184 
8537	5 
8538	125 
8539	194 
8540	44 
8541	6 
8542	21 
8543	65 
8544	157 
8545	98 
8546	184 
8547	12 
8548	114 
8549	97 
8550	100 
8551	144 
8552	67 
8553	57 
8554	135 
8555	144 
8556	140 
8557	55 
8558	111 
8559	88 
8560	177 
8561	48 
8562	184 
8563	72 
8564	109 
8565	72 
8566	96 
8567	144 
8568	25 
8569	144 
8570	119 
8571	55 
8572	156 
8573	156 
8574	21 
8575	166 
8576	65 
8577	101 
8578	144 
8579	100 
8580	21 
8581	156 
8582	5 
8583	94 
8584	25 
8585	1 
8586	56 
8587	1 
8588	5 
8589	32 
8590	147 
8591	40 
8592	114 
8593	56 
8594	42 
8595	117 
8596	123 
8597	195 
8598	101 
8599	56 
8600	164 
8601	55 
8602	6 
8603	5 
8604	140 
8605	67 
8606	65 
8607	63 
8608	156 
8609	5 
8610	47 
8611	124 
8612	52 
8613	66 
8614	5 
8615	177 
8616	107 
8617	39 
8618	155 
8619	44 
8620	90 
8621	88 
8622	188 
8623	174 
8624	56 
8625	114 
8626	48 
8627	115 
8628	164 
8629	149 
8630	124 
8631	172 
8632	125 
8633	194 
8634	7 
8635	108 
8636	135 
8637	156 
8638	116 
8639	136 
8640	32 
8641	84 
8642	178 
8643	42 
8644	3 
8645	111 
8646	20 
8647	6 
8648	120 
8649	40 
8650	7 
8651	164 
8652	120 
8653	94 
8654	56 
8655	164 
8656	36 
8657	158 
8658	200 
8659	147 
8660	3 
8661	97 
8662	153 
8663	72 
8664	5 
8665	70 
8666	147 
8667	21 
8668	6 
8669	119 
8670	144 
8671	134 
8672	140 
8673	47 
8674	153 
8675	157 
8676	100 
8677	127 
8678	188 
8679	66 
8680	65 
8681	97 
8682	44 
8683	178 
8684	178 
8685	141 
8686	32 
8687	177 
8688	127 
8689	186 
8690	197 
8691	135 
8692	47 
8693	131 
8694	97 
8695	146 
8696	90 
8697	94 
8698	182 
8699	57 
8700	71 
8701	44 
8702	133 
8703	178 
8704	125 
8705	158 
8706	5 
8707	37 
8708	166 
8709	141 
8710	124 
8711	96 
8712	1 
8713	127 
8714	66 
8715	27 
8716	157 
8717	168 
8718	66 
8719	44 
8720	48 
8721	140 
8722	132 
8723	88 
8724	196 
8725	112 
8726	72 
8727	127 
8728	127 
8729	25 
8730	114 
8731	25 
8732	114 
8733	194 
8734	48 
8735	202 
8736	6 
8737	65 
8738	12 
8739	181 
8740	196 
8741	10 
8742	164 
8743	124 
8744	133 
8745	164 
8746	72 
8747	72 
8748	67 
8749	196 
8750	181 
8751	88 
8752	12 
8753	5 
8754	37 
8755	25 
8756	84 
8757	9 
8758	39 
8759	34 
8760	39 
8761	153 
8762	47 
8763	166 
8764	184 
8765	200 
8766	40 
8767	180 
8768	203 
8769	120 
8770	96 
8771	123 
8772	44 
8773	135 
8774	3 
8775	165 
8776	109 
8777	39 
8778	44 
8779	167 
8780	44 
8781	90 
8782	127 
8783	188 
8784	15 
8785	44 
8786	105 
8787	37 
8788	104 
8789	127 
8790	25 
8791	1 
8792	156 
8793	116 
8794	7 
8795	119 
8796	165 
8797	66 
8798	126 
8799	70 
8800	1 
8801	49 
8802	56 
8803	186 
8804	65 
8805	65 
8806	74 
8807	87 
8808	146 
8809	147 
8810	177 
8811	25 
8812	131 
8813	8 
8814	100 
8815	10 
8816	123 
8817	56 
8818	110 
8819	165 
8820	158 
8821	109 
8822	111 
8823	97 
8824	116 
8825	112 
8826	72 
8827	108 
8828	200 
8829	57 
8830	3 
8831	7 
8832	127 
8833	162 
8834	192 
8835	133 
8836	7 
8837	99 
8838	182 
8839	197 
8840	52 
8841	101 
8842	12 
8843	180 
8844	20 
8845	47 
8846	5 
8847	97 
8848	166 
8849	25 
8850	123 
8851	101 
8852	84 
8853	153 
8854	168 
8855	162 
8856	127 
8857	44 
8858	1 
8859	181 
8860	37 
8861	72 
8862	144 
8863	49 
8864	135 
8865	111 
8866	182 
8867	44 
8868	147 
8869	194 
8870	140 
8871	37 
8872	72 
8873	100 
8874	72 
8875	127 
8876	3 
8877	97 
8878	70 
8879	196 
8880	40 
8881	147 
8882	184 
8883	140 
8884	94 
8885	101 
8886	188 
8887	184 
8888	25 
8889	56 
8890	135 
8891	66 
8892	133 
8893	21 
8894	21 
8895	55 
8896	180 
8897	25 
8898	42 
8899	186 
8900	37 
8901	12 
8902	177 
8903	114 
8904	5 
8905	127 
8906	200 
8907	192 
8908	25 
8909	1 
8910	96 
8911	192 
8912	96 
8913	72 
8914	44 
8915	48 
8916	32 
8917	146 
8918	119 
8919	37 
8920	37 
8921	125 
8922	32 
8923	120 
8924	200 
8925	52 
8926	127 
8927	37 
8928	60 
8929	136 
8930	48 
8931	144 
8932	176 
8933	131 
8934	143 
8935	110 
8936	146 
8937	110 
8938	144 
8939	126 
8940	66 
8941	44 
8942	114 
8943	3 
8944	66 
8945	3 
8946	42 
8947	158 
8948	199 
8949	12 
8950	44 
8951	181 
8952	72 
8953	71 
8954	44 
8955	39 
8956	25 
8957	37 
8958	32 
8959	123 
8960	164 
8961	25 
8962	5 
8963	126 
8964	89 
8965	21 
8966	56 
8967	186 
8968	127 
8969	7 
8970	156 
8971	12 
8972	72 
8973	177 
8974	133 
8975	90 
8976	164 
8977	5 
8978	40 
8979	84 
8980	65 
8981	96 
8982	123 
8983	3 
8984	3 
8985	192 
8986	184 
8987	101 
8988	186 
8989	147 
8990	37 
8991	47 
8992	153 
8993	194 
8994	186 
8995	25 
8996	32 
8997	48 
8998	114 
8999	84 
9000	197 
9001	84 
9002	52 
9003	116 
9004	147 
9005	87 
9006	7 
9007	123 
9008	165 
9009	42 
9010	176 
9011	6 
9012	144 
9013	25 
9014	109 
9015	164 
9016	168 
9017	184 
9018	25 
9019	84 
9020	78 
9021	1 
9022	114 
9023	25 
9024	181 
9025	115 
9026	202 
9027	116 
9028	96 
9029	89 
9030	202 
9031	135 
9032	40 
9033	90 
9034	100 
9035	6 
9036	90 
9037	112 
9038	89 
9039	153 
9040	94 
9041	90 
9042	66 
9043	166 
9044	44 
9045	96 
9046	186 
9047	123 
9048	140 
9049	109 
9050	123 
9051	36 
9052	41 
9053	47 
9054	39 
9055	135 
9056	49 
9057	52 
9058	136 
9059	84 
9060	32 
9061	155 
9062	88 
9063	131 
9064	94 
9065	52 
9066	186 
9067	124 
9068	94 
9069	177 
9070	65 
9071	141 
9072	6 
9073	155 
9074	3 
9075	184 
9076	21 
9077	15 
9078	155 
9079	6 
9080	155 
9081	3 
9082	188 
9083	39 
9084	15 
9085	66 
9086	203 
9087	26 
9088	74 
9089	94 
9090	44 
9091	170 
9092	144 
9093	164 
9094	5 
9095	21 
9096	164 
9097	56 
9098	90 
9099	21 
9100	26 
9101	140 
9102	131 
9103	114 
9104	41 
9105	84 
9106	12 
9107	7 
9108	203 
9109	146 
9110	135 
9111	100 
9112	125 
9113	168 
9114	56 
9115	90 
9116	30 
9117	100 
9118	96 
9119	136 
9120	127 
9121	1 
9122	88 
9123	199 
9124	3 
9125	40 
9126	111 
9127	3 
9128	135 
9129	157 
9130	55 
9131	147 
9132	141 
9133	181 
9134	40 
9135	27 
9136	158 
9137	146 
9138	20 
9139	101 
9140	3 
9141	9 
9142	131 
9143	176 
9144	136 
9145	131 
9146	158 
9147	158 
9148	96 
9149	111 
9150	48 
9151	155 
9152	101 
9153	37 
9154	26 
9155	48 
9156	158 
9157	25 
9158	165 
9159	141 
9160	166 
9161	184 
9162	3 
9163	34 
9164	101 
9165	166 
9166	147 
9167	182 
9168	74 
9169	42 
9170	119 
9171	21 
9172	153 
9173	3 
9174	12 
9175	176 
9176	194 
9177	176 
9178	95 
9179	97 
9180	84 
9181	25 
9182	97 
9183	72 
9184	8 
9185	105 
9186	44 
9187	147 
9188	72 
9189	27 
9190	15 
9191	1 
9192	34 
9193	141 
9194	6 
9195	55 
9196	37 
9197	74 
9198	202 
9199	3 
9200	56 
9201	176 
9202	147 
9203	90 
9204	97 
9205	100 
9206	123 
9207	155 
9208	5 
9209	66 
9210	37 
9211	96 
9212	100 
9213	47 
9214	84 
9215	186 
9216	84 
9217	178 
9218	203 
9219	164 
9220	158 
9221	158 
9222	202 
9223	184 
9224	127 
9225	146 
9226	146 
9227	36 
9228	127 
9229	176 
9230	133 
9231	133 
9232	149 
9233	12 
9234	136 
9235	12 
9236	188 
9237	56 
9238	87 
9239	197 
9240	21 
9241	203 
9242	56 
9243	100 
9244	177 
9245	101 
9246	149 
9247	12 
9248	21 
9249	144 
9250	84 
9251	44 
9252	15 
9253	96 
9254	164 
9255	170 
9256	21 
9257	133 
9258	124 
9259	72 
9260	105 
9261	114 
9262	158 
9263	135 
9264	37 
9265	133 
9266	199 
9267	188 
9268	71 
9269	66 
9270	184 
9271	70 
9272	25 
9273	42 
9274	94 
9275	135 
9276	44 
9277	135 
9278	80 
9279	120 
9280	202 
9281	181 
9282	158 
9283	125 
9284	170 
9285	36 
9286	21 
9287	123 
9288	27 
9289	186 
9290	140 
9291	67 
9292	116 
9293	132 
9294	157 
9295	7 
9296	12 
9297	120 
9298	88 
9299	100 
9300	72 
9301	56 
9302	44 
9303	149 
9304	87 
9305	155 
9306	88 
9307	149 
9308	5 
9309	100 
9310	184 
9311	147 
9312	84 
9313	126 
9314	66 
9315	21 
9316	56 
9317	30 
9318	66 
9319	72 
9320	101 
9321	12 
9322	158 
9323	155 
9324	176 
9325	48 
9326	44 
9327	84 
9328	32 
9329	6 
9330	30 
9331	21 
9332	186 
9333	56 
9334	174 
9335	202 
9336	149 
9337	32 
9338	5 
9339	136 
9340	32 
9341	27 
9342	135 
9343	70 
9344	6 
9345	52 
9346	141 
9347	55 
9348	147 
9349	105 
9350	90 
9351	186 
9352	90 
9353	36 
9354	133 
9355	72 
9356	140 
9357	104 
9358	192 
9359	90 
9360	116 
9361	66 
9362	125 
9363	66 
9364	176 
9365	56 
9366	124 
9367	144 
9368	155 
9369	177 
9370	12 
9371	136 
9372	88 
9373	135 
9374	109 
9375	194 
9376	3 
9377	72 
9378	56 
9379	156 
9380	162 
9381	44 
9382	84 
9383	192 
9384	34 
9385	144 
9386	127 
9387	135 
9388	97 
9389	184 
9390	202 
9391	65 
9392	199 
9393	144 
9394	32 
9395	158 
9396	101 
9397	3 
9398	164 
9399	5 
9400	144 
9401	78 
9402	25 
9403	177 
9404	25 
9405	147 
9406	133 
9407	135 
9408	164 
9409	177 
9410	1 
9411	66 
9412	84 
9413	21 
9414	181 
9415	127 
9416	5 
9417	136 
9418	84 
9419	48 
9420	48 
9421	136 
9422	156 
9423	147 
9424	66 
9425	149 
9426	131 
9427	127 
9428	100 
9429	67 
9430	192 
9431	157 
9432	48 
9433	202 
9434	155 
9435	194 
9436	197 
9437	101 
9438	144 
9439	153 
9440	1 
9441	120 
9442	158 
9443	164 
9444	5 
9445	96 
9446	120 
9447	156 
9448	3 
9449	21 
9450	7 
9451	57 
9452	40 
9453	26 
9454	3 
9455	181 
9456	123 
9457	158 
9458	194 
9459	70 
9460	56 
9461	36 
9462	131 
9463	72 
9464	44 
9465	192 
9466	123 
9467	188 
9468	203 
9469	153 
9470	124 
9471	157 
9472	32 
9473	120 
9474	192 
9475	27 
9476	3 
9477	66 
9478	177 
9479	127 
9480	170 
9481	131 
9482	199 
9483	84 
9484	40 
9485	94 
9486	7 
9487	192 
9488	127 
9489	177 
9490	7 
9491	164 
9492	100 
9493	203 
9494	114 
9495	184 
9496	27 
9497	52 
9498	37 
9499	72 
9500	144 
9501	203 
9502	194 
9503	101 
9504	133 
9505	177 
9506	203 
9507	114 
9508	146 
9509	7 
9510	116 
9511	65 
9512	133 
9513	48 
9514	25 
9515	136 
9516	1 
9517	164 
9518	42 
9519	65 
9520	158 
9521	147 
9522	56 
9523	182 
9524	164 
9525	156 
9526	27 
9527	199 
9528	40 
9529	158 
9530	133 
9531	155 
9532	27 
9533	180 
9534	194 
9535	47 
9536	84 
9537	147 
9538	164 
9539	48 
9540	176 
9541	156 
9542	40 
9543	7 
9544	116 
9545	155 
9546	55 
9547	123 
9548	181 
9549	147 
9550	66 
9551	156 
9552	3 
9553	78 
9554	114 
9555	1 
9556	100 
9557	52 
9558	88 
9559	37 
9560	71 
9561	136 
9562	39 
9563	90 
9564	70 
9565	194 
9566	136 
9567	127 
9568	52 
9569	135 
9570	158 
9571	199 
9572	100 
9573	127 
9574	32 
9575	156 
9576	44 
9577	65 
9578	166 
9579	21 
9580	141 
9581	67 
9582	1 
9583	5 
9584	176 
9585	100 
9586	25 
9587	67 
9588	131 
9589	5 
9590	90 
9591	44 
9592	131 
9593	3 
9594	97 
9595	72 
9596	203 
9597	96 
9598	101 
9599	56 
9600	192 
9601	133 
9602	97 
9603	5 
9604	40 
9605	97 
9606	177 
9607	44 
9608	177 
9609	105 
9610	166 
9611	133 
9612	9 
9613	101 
9614	39 
9615	65 
9616	131 
9617	177 
9618	140 
9619	27 
9620	155 
9621	166 
9622	147 
9623	52 
9624	186 
9625	184 
9626	9 
9627	155 
9628	67 
9629	78 
9630	1 
9631	78 
9632	157 
9633	178 
9634	56 
9635	194 
9636	7 
9637	78 
9638	124 
9639	40 
9640	176 
9641	44 
9642	123 
9643	136 
9644	120 
9645	126 
9646	153 
9647	178 
9648	155 
9649	55 
9650	100 
9651	155 
9652	184 
9653	25 
9654	202 
9655	12 
9656	7 
9657	67 
9658	96 
9659	133 
9660	136 
9661	56 
9662	101 
9663	90 
9664	127 
9665	184 
9666	158 
9667	44 
9668	124 
9669	199 
9670	48 
9671	124 
9672	125 
9673	90 
9674	90 
9675	25 
9676	57 
9677	48 
9678	194 
9679	40 
9680	114 
9681	155 
9682	40 
9683	176 
9684	52 
9685	147 
9686	27 
9687	153 
9688	6 
9689	194 
9690	3 
9691	56 
9692	100 
9693	88 
9694	44 
9695	188 
9696	186 
9697	90 
9698	21 
9699	90 
9700	3 
9701	177 
9702	133 
9703	126 
9704	44 
9705	84 
9706	32 
9707	182 
9708	157 
9709	184 
9710	157 
9711	178 
9712	164 
9713	124 
9714	114 
9715	166 
9716	84 
9717	135 
9718	97 
9719	56 
9720	6 
9721	21 
9722	155 
9723	170 
9724	88 
9725	156 
9726	25 
9727	21 
9728	144 
9729	186 
9730	127 
9731	181 
9732	164 
9733	72 
9734	37 
9735	39 
9736	181 
9737	176 
9738	126 
9739	3 
9740	56 
9741	147 
9742	188 
9743	100 
9744	126 
9745	25 
9746	164 
9747	32 
9748	72 
9749	155 
9750	44 
9751	203 
9752	184 
9753	203 
9754	131 
9755	32 
9756	3 
9757	27 
9758	39 
9759	149 
9760	3 
9761	40 
9762	178 
9763	65 
9764	147 
9765	120 
9766	72 
9767	3 
9768	162 
9769	32 
9770	188 
9771	44 
9772	100 
9773	94 
9774	144 
9775	12 
9776	126 
9777	44 
9778	3 
9779	84 
9780	124 
9781	144 
9782	147 
9783	158 
9784	56 
9785	162 
9786	94 
9787	88 
9788	188 
9789	144 
9790	52 
9791	194 
9792	144 
9793	124 
9794	12 
9795	126 
9796	27 
9797	127 
9798	156 
9799	101 
9800	66 
9801	44 
9802	56 
9803	3 
9804	192 
9805	101 
9806	184 
9807	84 
9808	42 
9809	153 
9810	56 
9811	55 
9812	65 
9813	47 
9814	123 
9815	5 
9816	178 
9817	155 
9818	25 
9819	155 
9820	114 
9821	21 
9822	158 
9823	166 
9824	37 
9825	184 
9826	136 
9827	39 
9828	21 
9829	101 
9830	114 
9831	44 
9832	176 
9833	39 
9834	144 
9835	96 
9836	66 
9837	135 
9838	135 
9839	65 
9840	65 
9841	123 
9842	94 
9843	1 
9844	184 
9845	144 
9846	100 
9847	177 
9848	66 
9849	155 
9850	65 
9851	40 
9852	88 
9853	55 
9854	131 
9855	155 
9856	155 
9857	39 
9858	147 
9859	90 
9860	135 
9861	123 
9862	6 
9863	90 
9864	44 
9865	135 
9866	100 
9867	127 
9868	153 
9869	135 
9870	144 
9871	66 
9872	123 
9873	6 
9874	65 
9875	124 
9876	155 
9877	40 
9878	66 
9879	3 
9880	52 
9881	21 
9882	88 
9883	42 
9884	176 
9885	127 
9886	155 
9887	166 
9888	144 
9889	1 
9890	94 
9891	131 
9892	135 
9893	192 
9894	166 
9895	96 
9896	140 
9897	166 
9898	1 
9899	184 
9900	114 
9901	147 
9902	192 
9903	127 
9904	192 
9905	156 
9906	25 
9907	158 
9908	3 
9909	135 
9910	114 
9911	176 
9912	120 
9913	44 
9914	72 
9915	147 
9916	158 
9917	135 
9918	88 
9919	55 
9920	133 
9921	166 
9922	21 
9923	184 
9924	48 
9925	5 
9926	90 
9927	194 
9928	124 
9929	84 
9930	12 
9931	114 
9932	48 
9933	56 
9934	135 
9935	84 
9936	158 
9937	123 
9938	133 
9939	127 
9940	48 
9941	186 
9942	131 
9943	72 
9944	96 
9945	84 
9946	40 
9947	32 
9948	176 
9949	177 
9950	66 
9951	97 
9952	100 
9953	40 
9954	72 
9955	96 
9956	100 
9957	135 
9958	88 
9959	56 
9960	127 
9961	133 
9962	166 
9963	21 
9964	88 
9965	97 
9966	188 
9967	25 
9968	158 
9969	133 
9970	147 
9971	66 
9972	124 
9973	21 
9974	158 
9975	37 
9976	124 
9977	40 
9978	21 
9979	184 
9980	124 
9981	90 
9982	90 
9983	84 
9984	12 
9985	12 
9986	156 
9987	84 
9988	177 
9989	184 
9990	114 
9991	186 
9992	44 
9993	184 
9994	186 
9995	155 
9996	135 
9997	144 
9998	158 
9999	72 
10000	144 
